286
t_index	tf-idf
67	0.0341792963512
172	0.0341792963512
198	0.0683585927025
218	0.0341792963512
231	0.0341792963512
235	0.0683585927025
247	0.0341792963512
254	0.0341792963512
258	0.0683585927025
499	0.0341792963512
552	0.0341792963512
619	0.0683585927025
707	0.0341792963512
716	0.0341792963512
733	0.0341792963512
769	0.0341792963512
773	0.0341792963512
861	0.0341792963512
918	0.0341792963512
960	0.0341792963512
1008	0.0341792963512
1019	0.0341792963512
1031	0.0341792963512
1058	0.0341792963512
1115	0.0341792963512
1117	0.0341792963512
1123	0.27343437081
1141	0.0341792963512
1200	0.0341792963512
1271	0.102537889054
1290	0.0341792963512
1472	0.0683585927025
1512	0.170896481756
1545	0.0341792963512
1549	0.0341792963512
1611	0.0341792963512
1645	0.0341792963512
1690	0.0341792963512
1706	0.0341792963512
1729	0.0341792963512
1730	0.0683585927025
1743	0.0341792963512
1796	0.0341792963512
1810	0.0341792963512
1873	0.0683585927025
1932	0.0341792963512
1937	0.0341792963512
1950	0.0341792963512
2007	0.102537889054
2100	0.0683585927025
2179	0.0683585927025
2230	0.0341792963512
2236	0.0341792963512
2263	0.0341792963512
2264	0.0341792963512
2313	0.0341792963512
2322	0.0341792963512
2383	0.0341792963512
2484	0.0341792963512
2535	0.0341792963512
2588	0.0341792963512
2594	0.0341792963512
2634	0.0341792963512
2681	0.0341792963512
2721	0.0683585927025
2766	0.0341792963512
2776	0.0341792963512
2794	0.102537889054
2807	0.0341792963512
2815	0.0341792963512
2886	0.0341792963512
2943	0.0341792963512
2980	0.0341792963512
2983	0.0341792963512
2984	0.0341792963512
3006	0.0341792963512
3008	0.0341792963512
3062	0.0683585927025
3160	0.0341792963512
3258	0.0683585927025
3285	0.0341792963512
3359	0.0341792963512
3414	0.0341792963512
3418	0.0341792963512
3452	0.0341792963512
3454	0.0683585927025
3549	0.0341792963512
3703	0.0341792963512
3711	0.0341792963512
3732	0.0341792963512
3779	0.0341792963512
3904	0.0341792963512
3927	0.0341792963512
3935	0.0341792963512
3948	0.0341792963512
3956	0.0341792963512
4151	0.0341792963512
4184	0.0341792963512
4191	0.0341792963512
4193	0.0341792963512
4218	0.0341792963512
4260	0.0683585927025
4263	0.0341792963512
4269	0.0341792963512
4279	0.0341792963512
4284	0.0341792963512
4294	0.0341792963512
4392	0.0341792963512
4425	0.102537889054
4613	0.0341792963512
4640	0.0341792963512
4719	0.0341792963512
4869	0.0683585927025
4931	0.0341792963512
5017	0.0341792963512
5020	0.0341792963512
5091	0.0341792963512
5092	0.0341792963512
5124	0.0341792963512
5218	0.0341792963512
5253	0.0341792963512
5260	0.102537889054
5329	0.102537889054
5443	0.0341792963512
5447	0.0341792963512
5639	0.136717185405
5640	0.136717185405
5726	0.0341792963512
5739	0.0341792963512
5755	0.0341792963512
5779	0.0341792963512
5900	0.0341792963512
5913	0.0341792963512
5927	0.0341792963512
5938	0.0683585927025
5960	0.0341792963512
5985	0.0341792963512
6089	0.0341792963512
6101	0.0683585927025
6201	0.102537889054
6239	0.0341792963512
6242	0.0341792963512
6357	0.0341792963512
6371	0.0341792963512
6403	0.0341792963512
6428	0.0341792963512
6452	0.0341792963512
6574	0.0341792963512
6581	0.0341792963512
6585	0.0341792963512
6592	0.0341792963512
6627	0.0341792963512
6818	0.102537889054
6848	0.0341792963512
6887	0.170896481756
6983	0.0341792963512
7001	0.0341792963512
7104	0.0341792963512
7214	0.0683585927025
7235	0.0341792963512
7262	0.102537889054
7263	0.0341792963512
7273	0.0341792963512
7337	0.0341792963512
7378	0.0341792963512
7401	0.0341792963512
7429	0.0341792963512
7432	0.0341792963512
7464	0.0341792963512
7550	0.0341792963512
7585	0.0341792963512
7596	0.0341792963512
7607	0.0683585927025
7651	0.0341792963512
7704	0.0683585927025
7711	0.0341792963512
7833	0.0341792963512
7841	0.0341792963512
7946	0.102537889054
7947	0.0341792963512
7948	0.0341792963512
7979	0.102537889054
8042	0.0341792963512
8047	0.0341792963512
8276	0.0683585927025
8292	0.0341792963512
8325	0.0341792963512
8439	0.239255074459
8550	0.0341792963512
8553	0.0341792963512
8587	0.102537889054
8595	0.0683585927025
8616	0.0341792963512
8636	0.0341792963512
8657	0.0341792963512
8658	0.0341792963512
8709	0.0341792963512
8720	0.0341792963512
8765	0.0341792963512
8789	0.0341792963512
8827	0.0341792963512
8839	0.0341792963512
8869	0.0341792963512
8886	0.0341792963512
9044	0.0341792963512
9061	0.136717185405
9248	0.0341792963512
9344	0.0341792963512
9380	0.0341792963512
9432	0.102537889054
9493	0.102537889054
9500	0.0341792963512
9513	0.136717185405
9514	0.0683585927025
9521	0.0341792963512
9724	0.0341792963512
9807	0.0341792963512
9816	0.102537889054
9834	0.0341792963512
9850	0.0341792963512
9861	0.0341792963512
9886	0.0683585927025
9909	0.307613667161
10005	0.0341792963512
10222	0.0683585927025
10233	0.0341792963512
10236	0.0341792963512
10272	0.0341792963512
10343	0.0341792963512
10361	0.0341792963512
10408	0.0341792963512
10458	0.0341792963512
10536	0.0341792963512
10537	0.0683585927025
10647	0.0341792963512
10679	0.0341792963512
10718	0.0683585927025
10770	0.0683585927025
10779	0.0341792963512
10963	0.136717185405
11082	0.0341792963512
11115	0.0683585927025
11122	0.0341792963512
11131	0.0341792963512
11135	0.0341792963512
11154	0.0341792963512
11251	0.170896481756
11274	0.0683585927025
11303	0.0341792963512
11304	0.0341792963512
11352	0.0341792963512
11404	0.0341792963512
11417	0.0341792963512
11475	0.0341792963512
11494	0.0341792963512
11510	0.102537889054
11533	0.0341792963512
11542	0.0341792963512
11553	0.0341792963512
11653	0.102537889054
11761	0.0341792963512
11811	0.0341792963512
11830	0.0683585927025
11873	0.0341792963512
11898	0.0341792963512
11933	0.0341792963512
11989	0.0341792963512
12062	0.0341792963512
12187	0.0341792963512
12212	0.0341792963512
12320	0.0341792963512
12384	0.0341792963512
12387	0.0341792963512
12578	0.0341792963512
12615	0.0341792963512
12633	0.0341792963512
12641	0.0341792963512
12679	0.0341792963512
12689	0.0341792963512
12701	0.0341792963512
12785	0.0341792963512
12899	0.0341792963512
12925	0.0683585927025
12932	0.0341792963512
12943	0.0341792963512
12948	0.0341792963512
