301
t_index	tf-idf
16	0.0294500032027
29	0.0589000064054
75	0.0294500032027
83	0.0294500032027
102	0.0294500032027
105	0.0294500032027
118	0.206150022419
179	0.0294500032027
181	0.0294500032027
182	0.0589000064054
188	0.0883500096081
235	0.0883500096081
318	0.0294500032027
356	0.0294500032027
484	0.0294500032027
499	0.0294500032027
560	0.0294500032027
589	0.0294500032027
592	0.0294500032027
619	0.0883500096081
666	0.0294500032027
750	0.117800012811
754	0.0294500032027
786	0.0294500032027
952	0.0294500032027
961	0.0294500032027
1031	0.0589000064054
1033	0.0589000064054
1079	0.0294500032027
1153	0.117800012811
1203	0.147250016013
1265	0.0883500096081
1271	0.0294500032027
1292	0.0589000064054
1429	0.0294500032027
1470	0.0294500032027
1495	0.0294500032027
1520	0.0589000064054
1539	0.0294500032027
1572	0.0294500032027
1590	0.0294500032027
1675	0.0294500032027
1699	0.0294500032027
1729	0.0589000064054
1810	0.0294500032027
1816	0.0294500032027
2019	0.0294500032027
2090	0.0294500032027
2169	0.0294500032027
2172	0.176700019216
2179	0.0294500032027
2183	0.0294500032027
2206	0.0294500032027
2216	0.0589000064054
2249	0.0294500032027
2298	0.0883500096081
2306	0.0294500032027
2377	0.0294500032027
2396	0.0294500032027
2572	0.0294500032027
2588	0.176700019216
2596	0.0294500032027
2602	0.0294500032027
2684	0.0294500032027
2721	0.0294500032027
2775	0.0294500032027
2776	0.0294500032027
2796	0.0294500032027
2833	0.0589000064054
2847	0.0294500032027
2861	0.0294500032027
2923	0.0294500032027
2952	0.0294500032027
2983	0.0294500032027
2987	0.0294500032027
3006	0.0294500032027
3083	0.0294500032027
3092	0.0294500032027
3097	0.0294500032027
3170	0.0294500032027
3217	0.0294500032027
3247	0.0589000064054
3249	0.0294500032027
3327	0.0294500032027
3339	0.0294500032027
3355	0.0294500032027
3395	0.0294500032027
3437	0.0294500032027
3549	0.0589000064054
3589	0.0294500032027
3660	0.0294500032027
3711	0.0294500032027
3827	0.0294500032027
3855	0.0294500032027
3865	0.147250016013
3919	0.0294500032027
4104	0.0294500032027
4114	0.0294500032027
4133	0.0294500032027
4161	0.0294500032027
4191	0.0294500032027
4194	0.0294500032027
4212	0.0294500032027
4214	0.0294500032027
4218	0.0294500032027
4230	0.0294500032027
4263	0.0294500032027
4271	0.0294500032027
4284	0.0589000064054
4377	0.0589000064054
4579	0.0294500032027
4582	0.0294500032027
4613	0.0883500096081
4719	0.0294500032027
4828	0.0589000064054
4996	0.0589000064054
5047	0.0294500032027
5105	0.0294500032027
5131	0.0294500032027
5260	0.0883500096081
5308	0.0589000064054
5431	0.0294500032027
5536	0.0294500032027
5545	0.0294500032027
5587	0.0294500032027
5643	0.0294500032027
5699	0.0294500032027
5701	0.0883500096081
5729	0.0294500032027
5816	0.0294500032027
5824	0.0294500032027
5854	0.0294500032027
5869	0.0294500032027
5923	0.0294500032027
5932	0.0294500032027
6087	0.0294500032027
6100	0.0294500032027
6101	0.0294500032027
6166	0.0294500032027
6169	0.0294500032027
6177	0.0294500032027
6201	0.117800012811
6245	0.0294500032027
6340	0.117800012811
6378	0.0294500032027
6419	0.0294500032027
6565	0.0294500032027
6574	0.0589000064054
6598	0.0589000064054
6627	0.0294500032027
6684	0.0294500032027
6708	0.0294500032027
6843	0.0294500032027
6996	0.0294500032027
7067	0.0294500032027
7077	0.0294500032027
7115	0.0294500032027
7132	0.0294500032027
7135	0.0294500032027
7218	0.0294500032027
7221	0.0589000064054
7273	0.0294500032027
7311	0.0589000064054
7350	0.0294500032027
7377	0.147250016013
7444	0.0294500032027
7632	0.0589000064054
7636	0.0589000064054
7719	0.0294500032027
7826	0.0294500032027
7902	0.0294500032027
7927	0.0294500032027
7947	0.0294500032027
7948	0.265050028824
7967	0.0294500032027
8042	0.0589000064054
8097	0.0589000064054
8199	0.0294500032027
8252	0.0294500032027
8439	0.0883500096081
8544	0.0294500032027
8613	0.0294500032027
8647	0.0294500032027
8664	0.0294500032027
8704	0.0589000064054
8706	0.0294500032027
8765	0.0883500096081
8839	0.0294500032027
8845	0.0294500032027
9008	0.0294500032027
9021	0.0589000064054
9023	0.0294500032027
9092	0.0589000064054
9204	0.0294500032027
9248	0.0589000064054
9292	0.0589000064054
9374	0.0883500096081
9380	0.0294500032027
9385	0.0294500032027
9389	0.0294500032027
9396	0.0294500032027
9420	0.0294500032027
9425	0.0294500032027
9429	0.0294500032027
9442	0.0589000064054
9478	0.0294500032027
9494	0.0294500032027
9523	0.0294500032027
9539	0.0294500032027
9548	0.0294500032027
9581	0.0294500032027
9672	0.0294500032027
9837	0.0294500032027
9844	0.0294500032027
9909	0.294500032027
9912	0.176700019216
9929	0.0294500032027
10006	0.0294500032027
10018	0.0294500032027
10044	0.0294500032027
10047	0.0294500032027
10121	0.0294500032027
10163	0.147250016013
10222	0.0294500032027
10225	0.0294500032027
10388	0.265050028824
10417	0.0294500032027
10426	0.0294500032027
10560	0.0294500032027
10603	0.0294500032027
10608	0.0294500032027
10636	0.0294500032027
10750	0.0589000064054
10830	0.0294500032027
10858	0.0294500032027
10910	0.0294500032027
10956	0.0294500032027
10963	0.0883500096081
10968	0.0294500032027
10977	0.0294500032027
10986	0.0294500032027
11072	0.0294500032027
11074	0.0294500032027
11117	0.0294500032027
11219	0.0294500032027
11230	0.0589000064054
11232	0.0294500032027
11251	0.0589000064054
11274	0.0294500032027
11310	0.0589000064054
11311	0.0294500032027
11416	0.117800012811
11428	0.0294500032027
11446	0.0294500032027
11459	0.0294500032027
11513	0.0294500032027
11548	0.0294500032027
11556	0.0294500032027
11557	0.0589000064054
11558	0.0883500096081
11696	0.0294500032027
11743	0.0294500032027
11775	0.0294500032027
11777	0.0589000064054
11875	0.0294500032027
11904	0.0589000064054
11925	0.0294500032027
11968	0.0294500032027
11992	0.0294500032027
12035	0.0294500032027
12212	0.0883500096081
12227	0.0294500032027
12337	0.0294500032027
12355	0.0294500032027
12371	0.0294500032027
12411	0.0294500032027
12470	0.0883500096081
12487	0.0589000064054
12539	0.0589000064054
12547	0.0294500032027
12549	0.0294500032027
12646	0.0294500032027
12685	0.0589000064054
12691	0.0294500032027
12701	0.0883500096081
12702	0.0294500032027
12705	0.0294500032027
12741	0.0294500032027
12742	0.0294500032027
12770	0.0294500032027
12785	0.0294500032027
12841	0.0294500032027
12907	0.0294500032027
12922	0.0589000064054
12932	0.0294500032027
12950	0.0294500032027
12961	0.0294500032027
12962	0.0294500032027
13023	0.0294500032027
13028	0.0589000064054
13029	0.117800012811
