265
t_index	tf-idf
105	0.0265372446217
135	0.0530744892434
159	0.0265372446217
202	0.0530744892434
212	0.0265372446217
216	0.0265372446217
355	0.0265372446217
358	0.0530744892434
407	0.0265372446217
484	0.0530744892434
519	0.0265372446217
582	0.0265372446217
739	0.0265372446217
750	0.0796117338651
753	0.0265372446217
961	0.0530744892434
962	0.15922346773
991	0.0265372446217
1078	0.0530744892434
1097	0.0265372446217
1135	0.0265372446217
1226	0.0265372446217
1246	0.0265372446217
1269	0.0530744892434
1292	0.0265372446217
1418	0.0265372446217
1428	0.0265372446217
1440	0.0796117338651
1445	0.0265372446217
1472	0.0265372446217
1496	0.0265372446217
1689	0.0265372446217
1699	0.0265372446217
1700	0.0265372446217
2007	0.0265372446217
2014	0.0265372446217
2090	0.0265372446217
2094	0.0265372446217
2172	0.132686223109
2216	0.0265372446217
2228	0.0265372446217
2247	0.0265372446217
2261	0.0265372446217
2442	0.0265372446217
2508	0.0265372446217
2518	0.0265372446217
2588	0.0265372446217
2634	0.0265372446217
2769	0.0265372446217
2776	0.0796117338651
2860	0.0265372446217
2983	0.0265372446217
2986	0.0265372446217
3006	0.0265372446217
3008	0.0265372446217
3051	0.0265372446217
3053	0.0265372446217
3113	0.0265372446217
3119	0.0265372446217
3146	0.0265372446217
3157	0.0265372446217
3202	0.0265372446217
3213	0.0265372446217
3255	0.0265372446217
3285	0.0265372446217
3323	0.0265372446217
3340	0.0530744892434
3396	0.0265372446217
3414	0.0530744892434
3505	0.0265372446217
3594	0.0265372446217
3628	0.0530744892434
3658	0.0265372446217
3676	0.0265372446217
3681	0.0265372446217
3776	0.0265372446217
3793	0.0265372446217
3921	0.0265372446217
4024	0.132686223109
4036	0.0265372446217
4072	0.0265372446217
4139	0.0265372446217
4185	0.0265372446217
4194	0.0265372446217
4252	0.0265372446217
4255	0.0265372446217
4263	0.0530744892434
4284	0.0530744892434
4465	0.0265372446217
4517	0.212297956974
4582	0.0265372446217
4691	0.0265372446217
4715	0.0530744892434
4779	0.0265372446217
4828	0.0265372446217
4893	0.0796117338651
4988	0.0265372446217
4996	0.0796117338651
5000	0.0265372446217
5013	0.0265372446217
5074	0.0265372446217
5089	0.0265372446217
5260	0.0796117338651
5269	0.0265372446217
5286	0.132686223109
5310	0.0265372446217
5495	0.0265372446217
5554	0.0265372446217
5571	0.0265372446217
5701	0.0530744892434
5779	0.0530744892434
5818	0.0265372446217
5822	0.0265372446217
5824	0.0265372446217
5861	0.0265372446217
5939	0.0265372446217
5941	0.0265372446217
5944	0.0530744892434
6034	0.0265372446217
6054	0.0265372446217
6080	0.0265372446217
6087	0.0265372446217
6101	0.0265372446217
6201	0.0265372446217
6206	0.0265372446217
6233	0.0265372446217
6242	0.0265372446217
6340	0.0265372446217
6419	0.0265372446217
6466	0.106148978487
6560	0.0530744892434
6574	0.106148978487
6598	0.0265372446217
6610	0.0265372446217
6627	0.0530744892434
6684	0.0265372446217
6708	0.0265372446217
6843	0.132686223109
6872	0.0530744892434
6887	0.0265372446217
6959	0.0265372446217
6977	0.0265372446217
7008	0.0265372446217
7077	0.0265372446217
7095	0.0530744892434
7140	0.0265372446217
7221	0.0265372446217
7273	0.0265372446217
7337	0.0265372446217
7621	0.0530744892434
7632	0.106148978487
7636	0.106148978487
7704	0.106148978487
7714	0.0530744892434
7754	0.0530744892434
7759	0.0265372446217
7789	0.0265372446217
7826	0.15922346773
7885	0.0530744892434
7947	0.0265372446217
8034	0.0265372446217
8082	0.0265372446217
8222	0.0265372446217
8239	0.0265372446217
8314	0.0530744892434
8325	0.0265372446217
8329	0.0265372446217
8344	0.0265372446217
8353	0.0265372446217
8396	0.0265372446217
8406	0.0265372446217
8439	0.0796117338651
8449	0.0530744892434
8476	0.0265372446217
8575	0.0265372446217
8587	0.0265372446217
8603	0.0265372446217
8607	0.0796117338651
8811	0.0265372446217
8862	0.0265372446217
8894	0.0265372446217
9258	0.0265372446217
9261	0.0530744892434
9262	0.106148978487
9264	0.0265372446217
9292	0.0265372446217
9293	0.0265372446217
9355	0.0265372446217
9419	0.0265372446217
9421	0.0265372446217
9442	0.0265372446217
9448	0.0265372446217
9508	0.0265372446217
9652	0.0265372446217
9785	0.344984180082
9909	0.451133158569
9912	0.132686223109
10002	0.0265372446217
10018	0.0265372446217
10124	0.0265372446217
10188	0.0265372446217
10204	0.0796117338651
10222	0.0265372446217
10233	0.0265372446217
10349	0.0530744892434
10386	0.0265372446217
10388	0.0265372446217
10504	0.0265372446217
10539	0.0530744892434
10738	0.0265372446217
10762	0.0265372446217
10777	0.0265372446217
10811	0.0265372446217
10831	0.0265372446217
10861	0.0265372446217
10879	0.0265372446217
10915	0.106148978487
10945	0.0265372446217
10949	0.0265372446217
10963	0.0265372446217
10977	0.0265372446217
11115	0.0265372446217
11170	0.0265372446217
11204	0.0265372446217
11211	0.0796117338651
11221	0.0265372446217
11287	0.0265372446217
11303	0.0265372446217
11304	0.0265372446217
11407	0.0265372446217
11417	0.0265372446217
11476	0.0265372446217
11507	0.0265372446217
11550	0.0530744892434
11618	0.0265372446217
11624	0.15922346773
11645	0.0265372446217
11652	0.0265372446217
11703	0.132686223109
11705	0.185760712352
11724	0.0265372446217
11786	0.0796117338651
11809	0.0530744892434
11913	0.0265372446217
11992	0.0265372446217
12034	0.0265372446217
12138	0.0265372446217
12212	0.0265372446217
12355	0.0265372446217
12376	0.0265372446217
12389	0.0265372446217
12501	0.0265372446217
12657	0.0530744892434
12696	0.0265372446217
12741	0.0530744892434
12742	0.0265372446217
12836	0.0265372446217
12903	0.0265372446217
12932	0.132686223109
13009	0.0265372446217
13021	0.106148978487
13047	0.0796117338651
13051	0.0265372446217
13053	0.0265372446217
13062	0.0265372446217
