266
t_index	tf-idf
23	0.060412209333
193	0.060412209333
276	0.0302061046665
283	0.0302061046665
325	0.0302061046665
384	0.060412209333
431	0.0302061046665
504	0.0302061046665
560	0.0302061046665
563	0.060412209333
650	0.0302061046665
708	0.0302061046665
752	0.0302061046665
759	0.0302061046665
799	0.0302061046665
860	0.0302061046665
868	0.0302061046665
898	0.0302061046665
928	0.0302061046665
936	0.0302061046665
952	0.0302061046665
988	0.0302061046665
1021	0.0302061046665
1054	0.0302061046665
1061	0.0302061046665
1100	0.0302061046665
1135	0.0302061046665
1366	0.0302061046665
1367	0.0302061046665
1472	0.0302061046665
1646	0.0302061046665
1651	0.0302061046665
1656	0.181236627999
1748	0.0302061046665
1792	0.0302061046665
1901	0.0302061046665
1928	0.0302061046665
2007	0.060412209333
2014	0.0302061046665
2015	0.060412209333
2041	0.0302061046665
2090	0.060412209333
2124	0.211442732666
2140	0.060412209333
2151	0.0302061046665
2253	0.0302061046665
2256	0.0302061046665
2298	0.0302061046665
2319	0.0302061046665
2374	0.0302061046665
2408	0.0302061046665
2409	0.0302061046665
2472	0.0302061046665
2492	0.0302061046665
2508	0.181236627999
2513	0.0906183139995
2519	0.120824418666
2597	0.060412209333
2618	0.0302061046665
2824	0.060412209333
2834	0.0302061046665
2836	0.0302061046665
2886	0.0302061046665
2912	0.0302061046665
3032	0.0302061046665
3052	0.060412209333
3172	0.0302061046665
3188	0.0302061046665
3221	0.0302061046665
3222	0.0302061046665
3257	0.0302061046665
3341	0.0302061046665
3361	0.0302061046665
3479	0.0302061046665
3545	0.151030523333
3548	0.0302061046665
3619	0.0302061046665
3688	0.0302061046665
3722	0.0302061046665
3756	0.0302061046665
3764	0.060412209333
3816	0.060412209333
3817	0.0302061046665
3868	0.0302061046665
3915	0.0302061046665
3937	0.0302061046665
4009	0.0302061046665
4085	0.0302061046665
4284	0.0302061046665
4294	0.0302061046665
4392	0.0302061046665
4430	0.0302061046665
4468	0.0302061046665
4563	0.0302061046665
4568	0.0906183139995
4579	0.0302061046665
4582	0.0302061046665
4691	0.0302061046665
4719	0.0302061046665
4853	0.211442732666
5056	0.0302061046665
5068	0.0302061046665
5105	0.0302061046665
5141	0.0302061046665
5226	0.0302061046665
5329	0.060412209333
5575	0.0302061046665
5614	0.0906183139995
5729	0.060412209333
5734	0.0302061046665
5779	0.0302061046665
5818	0.0302061046665
5843	0.0302061046665
5892	0.211442732666
5893	0.120824418666
5956	0.0302061046665
6009	0.0302061046665
6091	0.0906183139995
6092	0.0302061046665
6101	0.0906183139995
6102	0.0302061046665
6262	0.0302061046665
6271	0.060412209333
6403	0.0906183139995
6419	0.0302061046665
6433	0.0302061046665
6464	0.0906183139995
6474	0.060412209333
6566	0.0302061046665
6683	0.0302061046665
6705	0.0302061046665
6807	0.0302061046665
6832	0.0302061046665
6843	0.0302061046665
6860	0.0302061046665
6887	0.0906183139995
7001	0.0302061046665
7008	0.0302061046665
7221	0.0906183139995
7235	0.0302061046665
7270	0.0302061046665
7311	0.0302061046665
7398	0.060412209333
7429	0.0302061046665
7554	0.0302061046665
7557	0.060412209333
7615	0.0302061046665
7621	0.120824418666
7648	0.0302061046665
7651	0.0302061046665
7677	0.060412209333
7704	0.060412209333
7744	0.0302061046665
7805	0.0302061046665
7831	0.060412209333
7871	0.0302061046665
7885	0.0302061046665
7912	0.0906183139995
7948	0.0906183139995
7955	0.0302061046665
8034	0.060412209333
8042	0.0302061046665
8050	0.060412209333
8052	0.0302061046665
8053	0.0906183139995
8082	0.0302061046665
8086	0.0302061046665
8110	0.0906183139995
8115	0.0302061046665
8309	0.0302061046665
8325	0.0906183139995
8351	0.0302061046665
8399	0.0302061046665
8400	0.0302061046665
8442	0.0302061046665
8587	0.0302061046665
8635	0.0302061046665
8664	0.120824418666
8671	0.151030523333
8697	0.0302061046665
8765	0.0906183139995
8836	0.0302061046665
8839	0.0906183139995
8862	0.0302061046665
8867	0.060412209333
8898	0.0302061046665
8901	0.0302061046665
8911	0.0302061046665
8916	0.0302061046665
8940	0.0302061046665
8945	0.060412209333
9004	0.0302061046665
9092	0.0302061046665
9098	0.0302061046665
9175	0.0302061046665
9247	0.0302061046665
9361	0.0302061046665
9390	0.0302061046665
9442	0.0302061046665
9493	0.060412209333
9501	0.0302061046665
9506	0.0302061046665
9509	0.0302061046665
9521	0.060412209333
9715	0.0302061046665
9836	0.0302061046665
9837	0.0302061046665
9909	0.332267151332
10018	0.060412209333
10059	0.0302061046665
10163	0.0906183139995
10167	0.0302061046665
10170	0.120824418666
10240	0.0302061046665
10250	0.0302061046665
10446	0.0302061046665
10597	0.0302061046665
10718	0.120824418666
10802	0.0302061046665
10866	0.0302061046665
10921	0.0302061046665
10956	0.060412209333
10963	0.060412209333
10977	0.151030523333
10986	0.0302061046665
11003	0.0302061046665
11016	0.0302061046665
11115	0.060412209333
11148	0.0302061046665
11225	0.0302061046665
11233	0.0302061046665
11251	0.0906183139995
11275	0.060412209333
11280	0.0906183139995
11303	0.0302061046665
11321	0.060412209333
11338	0.0302061046665
11686	0.0302061046665
11706	0.060412209333
11859	0.0302061046665
11917	0.0302061046665
11951	0.0302061046665
11953	0.0302061046665
11996	0.0302061046665
12208	0.060412209333
12212	0.060412209333
12213	0.0302061046665
12225	0.0302061046665
12324	0.0302061046665
12596	0.241648837332
12599	0.0906183139995
12655	0.0302061046665
12675	0.0302061046665
12748	0.0302061046665
12752	0.0302061046665
12784	0.0302061046665
12828	0.0302061046665
12852	0.0302061046665
12860	0.0302061046665
12878	0.0302061046665
12925	0.0302061046665
12932	0.0302061046665
12948	0.0302061046665
12967	0.0302061046665
13021	0.0302061046665
13079	0.0302061046665
