297
t_index	tf-idf
23	0.113812863401
83	0.0227625726803
152	0.0227625726803
161	0.0227625726803
193	0.0227625726803
197	0.0227625726803
232	0.0227625726803
235	0.0227625726803
276	0.0227625726803
325	0.0227625726803
331	0.0227625726803
342	0.0227625726803
400	0.0227625726803
421	0.0227625726803
483	0.0227625726803
497	0.0227625726803
562	0.0455251453606
563	0.0227625726803
619	0.0227625726803
846	0.0455251453606
928	0.0455251453606
988	0.0227625726803
991	0.0227625726803
1074	0.0227625726803
1150	0.0227625726803
1169	0.0227625726803
1184	0.0227625726803
1226	0.0227625726803
1230	0.0455251453606
1341	0.0227625726803
1366	0.0227625726803
1367	0.0227625726803
1558	0.113812863401
1656	0.0455251453606
1729	0.0227625726803
1796	0.0227625726803
1884	0.0227625726803
1973	0.0227625726803
1987	0.0455251453606
2007	0.0455251453606
2015	0.0227625726803
2019	0.0227625726803
2030	0.0682877180409
2032	0.0227625726803
2106	0.0227625726803
2124	0.204863154123
2141	0.0227625726803
2226	0.0455251453606
2236	0.0227625726803
2260	0.0227625726803
2272	0.0227625726803
2298	0.0227625726803
2313	0.0227625726803
2397	0.0227625726803
2452	0.0455251453606
2492	0.0227625726803
2497	0.0227625726803
2508	0.0455251453606
2513	0.0455251453606
2519	0.0227625726803
2618	0.0455251453606
2776	0.0227625726803
2824	0.0227625726803
2834	0.0227625726803
2903	0.0227625726803
2911	0.0227625726803
2912	0.0682877180409
2918	0.0227625726803
2936	0.0227625726803
2937	0.0227625726803
2938	0.0227625726803
2943	0.0227625726803
2970	0.0227625726803
2984	0.0227625726803
3031	0.0227625726803
3053	0.0910502907212
3058	0.0227625726803
3092	0.0455251453606
3121	0.0227625726803
3318	0.0227625726803
3327	0.0227625726803
3341	0.0227625726803
3444	0.0227625726803
3445	0.0227625726803
3469	0.0227625726803
3479	0.0227625726803
3545	0.182100581442
3548	0.0910502907212
3589	0.0682877180409
3628	0.0227625726803
3756	0.0455251453606
3816	0.0455251453606
3915	0.0227625726803
3937	0.0227625726803
3956	0.0227625726803
3964	0.0227625726803
4024	0.0227625726803
4085	0.0455251453606
4187	0.0227625726803
4191	0.0455251453606
4193	0.0455251453606
4255	0.0910502907212
4284	0.136575436082
4294	0.0227625726803
4334	0.0227625726803
4392	0.0227625726803
4399	0.0227625726803
4430	0.0455251453606
4469	0.0227625726803
4479	0.0227625726803
4503	0.0227625726803
4528	0.0227625726803
4550	0.0227625726803
4568	0.318676017524
4579	0.0227625726803
4719	0.0227625726803
4776	0.0227625726803
4789	0.0227625726803
4823	0.0227625726803
4828	0.0227625726803
4846	0.0227625726803
4853	0.136575436082
4885	0.0227625726803
4891	0.0227625726803
5107	0.0227625726803
5124	0.0227625726803
5260	0.0227625726803
5324	0.0227625726803
5329	0.0682877180409
5518	0.0227625726803
5636	0.0227625726803
5734	0.0227625726803
5761	0.0227625726803
5778	0.0227625726803
5786	0.0227625726803
5818	0.0227625726803
5822	0.0227625726803
5892	0.204863154123
5893	0.0682877180409
6027	0.0455251453606
6064	0.0227625726803
6091	0.0910502907212
6201	0.0682877180409
6242	0.0227625726803
6249	0.0227625726803
6271	0.0227625726803
6286	0.0227625726803
6401	0.0227625726803
6403	0.0227625726803
6419	0.0455251453606
6433	0.0227625726803
6464	0.0910502907212
6474	0.0455251453606
6528	0.0227625726803
6554	0.0227625726803
6683	0.0227625726803
6787	0.0682877180409
6843	0.0227625726803
6887	0.0455251453606
7077	0.0227625726803
7095	0.0227625726803
7104	0.0227625726803
7218	0.0227625726803
7221	0.0455251453606
7270	0.0227625726803
7350	0.0227625726803
7367	0.0227625726803
7398	0.0227625726803
7429	0.0227625726803
7441	0.0227625726803
7444	0.0227625726803
7461	0.0227625726803
7550	0.0227625726803
7584	0.0227625726803
7621	0.0682877180409
7649	0.0455251453606
7666	0.0227625726803
7677	0.0910502907212
7704	0.0455251453606
7754	0.0455251453606
7803	0.0227625726803
7834	0.0227625726803
7835	0.0227625726803
7948	0.136575436082
8034	0.0227625726803
8050	0.0227625726803
8053	0.0682877180409
8074	0.0227625726803
8110	0.273150872164
8151	0.0227625726803
8247	0.0227625726803
8254	0.0227625726803
8325	0.0910502907212
8400	0.0227625726803
8439	0.136575436082
8442	0.0455251453606
8521	0.0227625726803
8544	0.0227625726803
8587	0.0227625726803
8658	0.0227625726803
8664	0.0455251453606
8697	0.0682877180409
8718	0.0227625726803
8765	0.0682877180409
8839	0.0227625726803
8842	0.113812863401
8899	0.0227625726803
8903	0.0682877180409
8947	0.0227625726803
8970	0.0227625726803
9046	0.0227625726803
9095	0.0227625726803
9175	0.0910502907212
9258	0.0227625726803
9349	0.0227625726803
9380	0.0227625726803
9425	0.0227625726803
9458	0.0227625726803
9493	0.0455251453606
9501	0.0682877180409
9521	0.0455251453606
9538	0.0227625726803
9548	0.0227625726803
9552	0.0227625726803
9589	0.0227625726803
9652	0.0227625726803
9680	0.0455251453606
9705	0.0227625726803
9715	0.0227625726803
9724	0.0227625726803
9836	0.0455251453606
9842	0.0227625726803
9909	0.318676017524
10018	0.0227625726803
10037	0.0455251453606
10095	0.0227625726803
10156	0.0227625726803
10163	0.0910502907212
10167	0.0227625726803
10225	0.0227625726803
10335	0.0227625726803
10427	0.0227625726803
10655	0.0227625726803
10731	0.0227625726803
10781	0.0227625726803
10858	0.0455251453606
10917	0.0227625726803
10956	0.0227625726803
10963	0.0227625726803
10965	0.0227625726803
11039	0.0227625726803
11115	0.159338008762
11139	0.0227625726803
11148	0.0227625726803
11207	0.0455251453606
11251	0.0455251453606
11275	0.273150872164
11280	0.0227625726803
11300	0.0227625726803
11327	0.0227625726803
11345	0.0227625726803
11362	0.0455251453606
11409	0.0227625726803
11478	0.0227625726803
11504	0.0227625726803
11659	0.0227625726803
11696	0.159338008762
11735	0.0227625726803
11786	0.0227625726803
11797	0.0227625726803
11830	0.0227625726803
11904	0.0227625726803
11909	0.0227625726803
11968	0.0455251453606
12212	0.0227625726803
12321	0.0227625726803
12430	0.0227625726803
12466	0.0227625726803
12489	0.0227625726803
12533	0.0682877180409
12596	0.113812863401
12691	0.0227625726803
12711	0.0227625726803
12724	0.0227625726803
12741	0.136575436082
12742	0.0227625726803
12784	0.0227625726803
12785	0.0227625726803
12812	0.0227625726803
12860	0.0227625726803
12901	0.0227625726803
12922	0.0227625726803
12943	0.0227625726803
12952	0.0227625726803
13045	0.0227625726803
13056	0.0227625726803
13061	0.0455251453606
