410
t_index	tf-idf
46	0.0170722059407
75	0.0170722059407
116	0.0170722059407
133	0.0170722059407
151	0.0170722059407
161	0.0170722059407
171	0.0170722059407
212	0.0170722059407
231	0.0170722059407
421	0.0341444118813
424	0.0170722059407
484	0.0170722059407
485	0.0170722059407
563	0.051216617822
573	0.0341444118813
638	0.0170722059407
691	0.0170722059407
702	0.0341444118813
712	0.0170722059407
718	0.0341444118813
723	0.0170722059407
779	0.0341444118813
792	0.0170722059407
880	0.0170722059407
898	0.0341444118813
932	0.0170722059407
936	0.0170722059407
1019	0.0170722059407
1033	0.0170722059407
1133	0.0170722059407
1146	0.0341444118813
1184	0.0170722059407
1440	0.0341444118813
1453	0.0170722059407
1459	0.0341444118813
1492	0.0170722059407
1566	0.443877354457
1567	0.0170722059407
1624	0.0170722059407
1646	0.0853610297033
1656	0.0341444118813
1671	0.0170722059407
1699	0.0170722059407
1719	0.0341444118813
1729	0.0341444118813
1737	0.0170722059407
1748	0.0341444118813
1775	0.0170722059407
1810	0.0170722059407
1840	0.0341444118813
1843	0.0341444118813
1859	0.0170722059407
1911	0.0341444118813
1977	0.0170722059407
1983	0.0170722059407
2006	0.0170722059407
2019	0.0170722059407
2020	0.0170722059407
2045	0.0170722059407
2075	0.102433235644
2087	0.0170722059407
2090	0.102433235644
2095	0.0170722059407
2170	0.0170722059407
2201	0.0170722059407
2221	0.0170722059407
2230	0.0341444118813
2232	0.0170722059407
2263	0.0170722059407
2286	0.0170722059407
2288	0.0170722059407
2302	0.0170722059407
2313	0.0170722059407
2324	0.0170722059407
2326	0.0170722059407
2327	0.0170722059407
2335	0.0170722059407
2365	0.0170722059407
2392	0.0170722059407
2397	0.0170722059407
2434	0.0170722059407
2497	0.051216617822
2508	0.0170722059407
2519	0.0170722059407
2557	0.0170722059407
2618	0.0341444118813
2672	0.0170722059407
2678	0.0170722059407
2714	0.051216617822
2772	0.0170722059407
2775	0.0341444118813
2776	0.051216617822
2794	0.0170722059407
2834	0.0170722059407
2847	0.0170722059407
2857	0.0341444118813
2885	0.0170722059407
2894	0.0170722059407
2912	0.0853610297033
2929	0.0170722059407
2977	0.0170722059407
3041	0.0170722059407
3051	0.051216617822
3052	0.0170722059407
3088	0.0170722059407
3097	0.0170722059407
3176	0.0170722059407
3211	0.0170722059407
3221	0.0341444118813
3285	0.0170722059407
3307	0.0170722059407
3375	0.0170722059407
3410	0.0170722059407
3414	0.0170722059407
3445	0.0170722059407
3449	0.0170722059407
3462	0.0170722059407
3479	0.0341444118813
3485	0.0170722059407
3501	0.0170722059407
3545	0.102433235644
3548	0.0682888237627
3596	0.0341444118813
3628	0.0170722059407
3732	0.0170722059407
3748	0.0170722059407
3837	0.051216617822
3846	0.051216617822
3855	0.0170722059407
3858	0.0170722059407
3904	0.0170722059407
3933	0.0170722059407
3937	0.0170722059407
3956	0.0170722059407
3962	0.0170722059407
3972	0.0170722059407
3990	0.0170722059407
3991	0.0341444118813
3998	0.0170722059407
3999	0.0170722059407
4019	0.0341444118813
4024	0.0170722059407
4060	0.0341444118813
4085	0.0170722059407
4093	0.051216617822
4096	0.0170722059407
4158	0.0170722059407
4160	0.0170722059407
4222	0.187794265347
4255	0.0170722059407
4438	0.0170722059407
4468	0.0341444118813
4518	0.0170722059407
4540	0.0170722059407
4558	0.0170722059407
4602	0.0341444118813
4693	0.0170722059407
4698	0.0170722059407
4705	0.0170722059407
4707	0.324371912873
4709	0.0170722059407
4711	0.0170722059407
4717	0.0170722059407
4727	0.0682888237627
4784	0.0341444118813
4832	0.0170722059407
4931	0.0341444118813
5044	0.0170722059407
5074	0.0170722059407
5175	0.0170722059407
5202	0.0170722059407
5203	0.0170722059407
5224	0.0170722059407
5226	0.0170722059407
5246	0.0170722059407
5260	0.0341444118813
5271	0.0170722059407
5318	0.0170722059407
5324	0.0170722059407
5329	0.051216617822
5443	0.0170722059407
5469	0.0170722059407
5510	0.0170722059407
5571	0.0170722059407
5614	0.0170722059407
5632	0.0170722059407
5726	0.0170722059407
5740	0.0170722059407
5752	0.0170722059407
5792	0.0170722059407
5828	0.0170722059407
5923	0.0170722059407
5934	0.0170722059407
5952	0.0170722059407
5990	0.0170722059407
6009	0.0170722059407
6023	0.0341444118813
6030	0.0170722059407
6041	0.0170722059407
6101	0.0170722059407
6146	0.0170722059407
6161	0.0170722059407
6201	0.0170722059407
6206	0.0341444118813
6246	0.0170722059407
6354	0.0170722059407
6406	0.0170722059407
6419	0.0170722059407
6449	0.0170722059407
6462	0.0170722059407
6486	0.0170722059407
6528	0.0341444118813
6556	0.0341444118813
6574	0.051216617822
6708	0.0170722059407
6761	0.0170722059407
6843	0.0170722059407
6887	0.0170722059407
6899	0.0341444118813
6929	0.0170722059407
6932	0.0170722059407
7000	0.0170722059407
7009	0.0170722059407
7068	0.0170722059407
7089	0.0170722059407
7104	0.0341444118813
7151	0.0170722059407
7158	0.0170722059407
7171	0.0170722059407
7235	0.0170722059407
7317	0.0170722059407
7417	0.0170722059407
7429	0.0341444118813
7576	0.102433235644
7583	0.0170722059407
7607	0.0341444118813
7612	0.0341444118813
7621	0.0341444118813
7654	0.0170722059407
7666	0.0170722059407
7699	0.051216617822
7704	0.0341444118813
7714	0.0341444118813
7719	0.0341444118813
7754	0.051216617822
7784	0.0170722059407
7848	0.0170722059407
7880	0.0170722059407
7885	0.0170722059407
8079	0.0170722059407
8088	0.0170722059407
8114	0.0170722059407
8120	0.051216617822
8151	0.0170722059407
8197	0.0341444118813
8309	0.0170722059407
8325	0.051216617822
8351	0.0170722059407
8356	0.0170722059407
8442	0.102433235644
8473	0.0170722059407
8530	0.0170722059407
8536	0.0170722059407
8593	0.0170722059407
8595	0.0170722059407
8616	0.051216617822
8625	0.0170722059407
8647	0.0170722059407
8671	0.051216617822
8696	0.0170722059407
8751	0.0341444118813
8804	0.0170722059407
8834	0.0170722059407
8839	0.136577647525
8842	0.051216617822
8843	0.051216617822
8848	0.0170722059407
8866	0.0170722059407
8876	0.0170722059407
8905	0.0170722059407
8931	0.0170722059407
9068	0.0341444118813
9124	0.204866471288
9143	0.0170722059407
9161	0.0341444118813
9176	0.0170722059407
9248	0.0170722059407
9316	0.102433235644
9351	0.0170722059407
9362	0.0170722059407
9369	0.0170722059407
9386	0.0170722059407
9390	0.0170722059407
9415	0.0170722059407
9419	0.0170722059407
9442	0.0341444118813
9463	0.0170722059407
9474	0.0170722059407
9487	0.0170722059407
9490	0.0170722059407
9493	0.0341444118813
9501	0.136577647525
9552	0.0341444118813
9628	0.0170722059407
9656	0.0170722059407
9710	0.0170722059407
9739	0.0170722059407
9795	0.0341444118813
9842	0.0170722059407
9909	0.187794265347
10000	0.0170722059407
10016	0.0170722059407
10042	0.0170722059407
10126	0.051216617822
10154	0.051216617822
10163	0.0170722059407
10218	0.051216617822
10219	0.0853610297033
10222	0.0170722059407
10228	0.0170722059407
10236	0.0170722059407
10266	0.0170722059407
10271	0.0170722059407
10415	0.0170722059407
10417	0.0170722059407
10444	0.0170722059407
10511	0.0341444118813
10578	0.0170722059407
10602	0.0170722059407
10636	0.0170722059407
10651	0.0170722059407
10699	0.0170722059407
10723	0.0170722059407
10807	0.0170722059407
10854	0.0170722059407
10856	0.0170722059407
10914	0.0170722059407
10927	0.0170722059407
10940	0.0170722059407
10963	0.204866471288
10977	0.0170722059407
10988	0.0170722059407
11037	0.0170722059407
11074	0.0170722059407
11162	0.0170722059407
11164	0.0170722059407
11215	0.0170722059407
11233	0.0170722059407
11275	0.0682888237627
11312	0.0170722059407
11417	0.0170722059407
11423	0.0170722059407
11466	0.0170722059407
11470	0.0170722059407
11476	0.0170722059407
11503	0.0341444118813
11504	0.0170722059407
11507	0.0170722059407
11528	0.0341444118813
11529	0.0170722059407
11569	0.051216617822
11585	0.0170722059407
11652	0.0170722059407
11696	0.0170722059407
11703	0.0341444118813
11706	0.0170722059407
11732	0.0170722059407
11762	0.051216617822
11786	0.0341444118813
11904	0.0341444118813
11968	0.0682888237627
11996	0.0341444118813
12002	0.0170722059407
12020	0.0170722059407
12029	0.0170722059407
12070	0.0170722059407
12087	0.0341444118813
12111	0.0170722059407
12214	0.0170722059407
12254	0.0170722059407
12427	0.0170722059407
12447	0.0170722059407
12481	0.051216617822
12489	0.051216617822
12539	0.0170722059407
12596	0.375588530695
12599	0.119505441585
12632	0.0170722059407
12657	0.0170722059407
12681	0.0170722059407
12691	0.0170722059407
12724	0.0170722059407
12741	0.051216617822
12742	0.0170722059407
12785	0.0170722059407
12812	0.0341444118813
12834	0.0170722059407
12836	0.051216617822
12845	0.0341444118813
12852	0.051216617822
12860	0.051216617822
12869	0.0170722059407
12900	0.0170722059407
12901	0.102433235644
12920	0.0170722059407
12925	0.0170722059407
12932	0.0170722059407
12936	0.0170722059407
13021	0.051216617822
13047	0.0170722059407
