331
t_index	tf-idf
75	0.0252377232563
161	0.0504754465125
177	0.0252377232563
197	0.0504754465125
212	0.0757131697688
231	0.0252377232563
350	0.0504754465125
356	0.0252377232563
420	0.0252377232563
421	0.20190178605
484	0.0504754465125
563	0.0252377232563
624	0.0757131697688
667	0.0252377232563
702	0.0252377232563
721	0.0252377232563
758	0.0504754465125
786	0.0252377232563
810	0.0252377232563
854	0.0252377232563
986	0.0252377232563
991	0.0252377232563
1034	0.0252377232563
1087	0.0252377232563
1131	0.0252377232563
1135	0.0252377232563
1136	0.0252377232563
1313	0.0252377232563
1453	0.0252377232563
1472	0.0252377232563
1512	0.0252377232563
1603	0.0252377232563
1678	0.0252377232563
1679	0.0252377232563
1773	0.0252377232563
1796	0.0252377232563
1901	0.0757131697688
1923	0.0504754465125
1924	0.0252377232563
1928	0.0504754465125
1929	0.0252377232563
1937	0.0252377232563
1953	0.0252377232563
2007	0.100950893025
2049	0.0504754465125
2075	0.378565848844
2090	0.0252377232563
2095	0.0252377232563
2116	0.0252377232563
2179	0.0252377232563
2216	0.0252377232563
2229	0.0252377232563
2238	0.151426339538
2315	0.126188616281
2355	0.0252377232563
2403	0.0252377232563
2408	0.0252377232563
2414	0.0252377232563
2508	0.176664062794
2518	0.0504754465125
2566	0.0252377232563
2618	0.0757131697688
2739	0.0252377232563
2776	0.100950893025
2811	0.0504754465125
2834	0.0252377232563
2857	0.0252377232563
2861	0.0252377232563
2912	0.0252377232563
2996	0.0252377232563
3058	0.0757131697688
3075	0.0252377232563
3092	0.0252377232563
3111	0.0252377232563
3146	0.0252377232563
3187	0.0252377232563
3221	0.0504754465125
3269	0.0252377232563
3275	0.0252377232563
3285	0.0504754465125
3330	0.0252377232563
3414	0.0757131697688
3459	0.0252377232563
3472	0.0252377232563
3478	0.100950893025
3479	0.0252377232563
3485	0.0252377232563
3505	0.0252377232563
3507	0.0252377232563
3509	0.0252377232563
3564	0.0252377232563
3586	0.0252377232563
3594	0.0252377232563
3626	0.0252377232563
3628	0.0252377232563
3681	0.0252377232563
3689	0.0252377232563
3779	0.0504754465125
3797	0.0504754465125
3811	0.0252377232563
3892	0.0252377232563
3933	0.0252377232563
3937	0.0252377232563
3962	0.0757131697688
3978	0.0252377232563
3982	0.0252377232563
4018	0.0252377232563
4023	0.0252377232563
4025	0.0252377232563
4093	0.0252377232563
4227	0.0252377232563
4284	0.0504754465125
4294	0.0252377232563
4303	0.0252377232563
4392	0.0252377232563
4427	0.0252377232563
4601	0.0252377232563
4658	0.0757131697688
4693	0.0252377232563
4719	0.0757131697688
4736	0.0252377232563
4776	0.0252377232563
4830	0.0252377232563
4832	0.0252377232563
4893	0.0252377232563
4984	0.126188616281
5000	0.0252377232563
5014	0.0504754465125
5078	0.0252377232563
5124	0.0252377232563
5131	0.0504754465125
5199	0.0252377232563
5329	0.0252377232563
5508	0.0252377232563
5536	0.0504754465125
5560	0.0504754465125
5627	0.0504754465125
5669	0.0757131697688
5684	0.0504754465125
5686	0.0252377232563
5729	0.0504754465125
5756	0.0252377232563
5764	0.0252377232563
5780	0.0504754465125
5818	0.0252377232563
5824	0.0252377232563
5938	0.0252377232563
6009	0.0252377232563
6101	0.0504754465125
6161	0.0504754465125
6182	0.0252377232563
6192	0.0252377232563
6233	0.0252377232563
6415	0.0252377232563
6462	0.0252377232563
6464	0.126188616281
6465	0.0252377232563
6486	0.0252377232563
6492	0.0252377232563
6507	0.0252377232563
6528	0.0252377232563
6534	0.0252377232563
6565	0.0252377232563
6574	0.126188616281
6592	0.0252377232563
6708	0.0252377232563
6732	0.0252377232563
6846	0.0252377232563
6887	0.0757131697688
6948	0.0252377232563
7023	0.0252377232563
7025	0.0504754465125
7050	0.0252377232563
7056	0.0252377232563
7058	0.0252377232563
7077	0.0252377232563
7095	0.0252377232563
7133	0.0252377232563
7173	0.0252377232563
7235	0.0252377232563
7258	0.0504754465125
7367	0.0504754465125
7429	0.0252377232563
7457	0.0252377232563
7459	0.0252377232563
7621	0.0504754465125
7659	0.0252377232563
7704	0.0252377232563
7709	0.0252377232563
7754	0.0252377232563
7828	0.0252377232563
7831	0.0252377232563
7902	0.0252377232563
8034	0.0504754465125
8042	0.0757131697688
8060	0.0252377232563
8120	0.0504754465125
8171	0.0252377232563
8172	0.0252377232563
8201	0.0252377232563
8297	0.0252377232563
8325	0.0757131697688
8327	0.0252377232563
8348	0.0252377232563
8351	0.0504754465125
8371	0.0252377232563
8400	0.0252377232563
8439	0.0504754465125
8442	0.0252377232563
8514	0.126188616281
8587	0.0252377232563
8593	0.0252377232563
8595	0.0252377232563
8607	0.0252377232563
8608	0.0252377232563
8631	0.0757131697688
8664	0.100950893025
8751	0.0252377232563
8761	0.0252377232563
8765	0.0757131697688
8825	0.0252377232563
8839	0.126188616281
8874	0.0252377232563
8886	0.0252377232563
8887	0.0252377232563
8911	0.0252377232563
8931	0.0504754465125
8948	0.0252377232563
8982	0.0252377232563
9071	0.0252377232563
9079	0.0252377232563
9222	0.0252377232563
9256	0.0252377232563
9258	0.0252377232563
9260	0.0252377232563
9262	0.0252377232563
9294	0.0252377232563
9308	0.0504754465125
9369	0.0252377232563
9420	0.0252377232563
9440	0.0252377232563
9445	0.0252377232563
9451	0.0252377232563
9543	0.0252377232563
9626	0.0252377232563
9670	0.0252377232563
9715	0.0252377232563
9909	0.100950893025
9910	0.0757131697688
9965	0.0252377232563
10005	0.0252377232563
10016	0.0252377232563
10018	0.0252377232563
10075	0.0252377232563
10154	0.0252377232563
10161	0.0757131697688
10163	0.0252377232563
10170	0.0504754465125
10181	0.0252377232563
10193	0.0252377232563
10228	0.0252377232563
10232	0.0252377232563
10412	0.0252377232563
10415	0.0252377232563
10467	0.0252377232563
10653	0.0252377232563
10682	0.0252377232563
10699	0.0252377232563
10700	0.0252377232563
10822	0.0252377232563
10823	0.0252377232563
10842	0.0252377232563
10927	0.0252377232563
10963	0.20190178605
11072	0.0252377232563
11087	0.0252377232563
11115	0.0504754465125
11162	0.0252377232563
11205	0.0252377232563
11213	0.0252377232563
11230	0.0252377232563
11251	0.100950893025
11295	0.0252377232563
11298	0.0252377232563
11417	0.151426339538
11485	0.0252377232563
11491	0.0252377232563
11503	0.0252377232563
11504	0.0252377232563
11525	0.0252377232563
11580	0.100950893025
11624	0.0252377232563
11652	0.0252377232563
11676	0.0252377232563
11705	0.0252377232563
11749	0.0757131697688
11762	0.0504754465125
11847	0.0252377232563
11880	0.0252377232563
11925	0.0504754465125
11950	0.0252377232563
11959	0.0252377232563
11992	0.0252377232563
12121	0.0252377232563
12140	0.0252377232563
12160	0.0252377232563
12212	0.176664062794
12357	0.0252377232563
12419	0.0252377232563
12456	0.0252377232563
12472	0.0252377232563
12495	0.0252377232563
12497	0.328090402331
12499	0.100950893025
12546	0.0252377232563
12549	0.0504754465125
12572	0.0252377232563
12654	0.0252377232563
12696	0.0757131697688
12711	0.0252377232563
12852	0.0252377232563
12866	0.0252377232563
12901	0.0504754465125
12903	0.0252377232563
12922	0.0252377232563
12932	0.0757131697688
12967	0.0252377232563
12976	0.0252377232563
13021	0.0757131697688
13023	0.0252377232563
13056	0.0252377232563
