303
t_index	tf-idf
75	0.051987524491
103	0.0259937622455
133	0.0259937622455
204	0.0259937622455
350	0.0259937622455
409	0.0259937622455
421	0.129968811228
456	0.0259937622455
484	0.051987524491
499	0.0259937622455
560	0.0259937622455
563	0.0259937622455
567	0.0259937622455
571	0.0259937622455
585	0.0259937622455
624	0.0259937622455
666	0.0259937622455
667	0.0259937622455
702	0.0259937622455
718	0.051987524491
786	0.0259937622455
816	0.0259937622455
839	0.051987524491
886	0.0259937622455
995	0.0259937622455
1031	0.0259937622455
1256	0.0259937622455
1302	0.0259937622455
1303	0.0259937622455
1453	0.0259937622455
1474	0.0259937622455
1566	0.0259937622455
1572	0.051987524491
1575	0.051987524491
1630	0.051987524491
1641	0.0259937622455
1655	0.0259937622455
1699	0.0259937622455
1740	0.0259937622455
1753	0.0259937622455
1800	0.0259937622455
1810	0.0259937622455
1856	0.0259937622455
1883	0.0259937622455
1912	0.0259937622455
1999	0.0259937622455
2034	0.051987524491
2049	0.0259937622455
2075	0.051987524491
2164	0.0259937622455
2170	0.0259937622455
2185	0.0259937622455
2221	0.0259937622455
2248	0.0259937622455
2267	0.0259937622455
2297	0.0259937622455
2312	0.0259937622455
2384	0.0259937622455
2390	0.0259937622455
2397	0.051987524491
2399	0.0259937622455
2417	0.0259937622455
2493	0.0259937622455
2508	0.051987524491
2519	0.051987524491
2592	0.0259937622455
2642	0.0259937622455
2665	0.0259937622455
2728	0.0259937622455
2831	0.051987524491
2841	0.0259937622455
2869	0.0259937622455
2870	0.0259937622455
2894	0.0259937622455
2936	0.0259937622455
3008	0.0259937622455
3051	0.0779812867365
3095	0.0259937622455
3170	0.0259937622455
3249	0.0259937622455
3251	0.0259937622455
3285	0.051987524491
3351	0.051987524491
3445	0.0259937622455
3495	0.0259937622455
3545	0.051987524491
3565	0.0259937622455
3628	0.0259937622455
3670	0.0259937622455
3736	0.0259937622455
3739	0.0259937622455
3801	0.0259937622455
3846	0.0259937622455
3856	0.0259937622455
3935	0.0259937622455
3947	0.0259937622455
3991	0.0259937622455
4024	0.0259937622455
4067	0.0259937622455
4163	0.0259937622455
4199	0.051987524491
4205	0.0259937622455
4230	0.0259937622455
4260	0.0259937622455
4294	0.0259937622455
4396	0.0259937622455
4489	0.0259937622455
4602	0.0259937622455
4613	0.0779812867365
4619	0.0259937622455
4645	0.051987524491
4693	0.0259937622455
4719	0.0259937622455
4728	0.0259937622455
4759	0.0779812867365
4866	0.0259937622455
5023	0.0259937622455
5068	0.0259937622455
5086	0.0259937622455
5105	0.0259937622455
5159	0.0259937622455
5186	0.0259937622455
5260	0.0259937622455
5308	0.0259937622455
5313	0.0259937622455
5324	0.0259937622455
5536	0.0259937622455
5577	0.0259937622455
5581	0.0779812867365
5614	0.0259937622455
5616	0.0259937622455
5643	0.0259937622455
5662	0.0259937622455
5688	0.0779812867365
5758	0.0259937622455
5780	0.0259937622455
5792	0.0259937622455
5869	0.0259937622455
5901	0.0259937622455
5923	0.0259937622455
6030	0.0259937622455
6048	0.0259937622455
6101	0.0779812867365
6242	0.051987524491
6329	0.0259937622455
6378	0.0259937622455
6419	0.0259937622455
6426	0.0259937622455
6439	0.0259937622455
6449	0.051987524491
6455	0.0259937622455
6486	0.0259937622455
6531	0.0259937622455
6610	0.0259937622455
6708	0.0259937622455
6755	0.0259937622455
6887	0.0259937622455
6895	0.0259937622455
6922	0.0259937622455
6940	0.0259937622455
6947	0.0259937622455
7001	0.0259937622455
7067	0.0259937622455
7069	0.0259937622455
7077	0.0259937622455
7128	0.0259937622455
7221	0.0259937622455
7337	0.0259937622455
7398	0.051987524491
7408	0.051987524491
7440	0.103975048982
7451	0.0259937622455
7476	0.0259937622455
7632	0.0779812867365
7704	0.051987524491
7714	0.0779812867365
7754	0.051987524491
7849	0.0259937622455
7851	0.0259937622455
7923	0.0259937622455
7924	0.0259937622455
7947	0.0779812867365
7948	0.0259937622455
7979	0.0259937622455
8188	0.0259937622455
8198	0.0259937622455
8308	0.181956335719
8317	0.0259937622455
8344	0.0259937622455
8434	0.0259937622455
8439	0.0259937622455
8554	0.0259937622455
8593	0.0259937622455
8595	0.0259937622455
8661	0.0259937622455
8694	0.545869007156
8719	0.0259937622455
8722	0.0259937622455
8758	0.0259937622455
8836	0.0259937622455
8837	0.0259937622455
8839	0.0779812867365
8842	0.051987524491
8881	0.0779812867365
8898	0.0259937622455
8913	0.0259937622455
8931	0.051987524491
8968	0.0259937622455
9030	0.0259937622455
9049	0.155962573473
9092	0.0259937622455
9116	0.0259937622455
9143	0.0259937622455
9214	0.0259937622455
9248	0.0259937622455
9255	0.0259937622455
9292	0.0779812867365
9331	0.0259937622455
9389	0.0259937622455
9419	0.0259937622455
9420	0.129968811228
9425	0.051987524491
9493	0.129968811228
9515	0.0259937622455
9569	0.051987524491
9652	0.0259937622455
9729	0.0259937622455
9730	0.0259937622455
9772	0.0259937622455
9773	0.0259937622455
9861	0.155962573473
9862	0.259937622455
9864	0.0259937622455
9890	0.0259937622455
9909	0.23394386021
10018	0.0259937622455
10072	0.0259937622455
10153	0.051987524491
10167	0.0259937622455
10225	0.0259937622455
10234	0.0259937622455
10263	0.0259937622455
10443	0.0259937622455
10481	0.0259937622455
10541	0.0259937622455
10562	0.0259937622455
10636	0.051987524491
10648	0.0259937622455
10656	0.0259937622455
10750	0.0259937622455
10776	0.051987524491
10787	0.0259937622455
10811	0.0259937622455
10834	0.0779812867365
10963	0.207950097964
10968	0.0259937622455
11049	0.0259937622455
11131	0.0259937622455
11164	0.0259937622455
11225	0.0259937622455
11333	0.0259937622455
11481	0.051987524491
11487	0.0259937622455
11495	0.0259937622455
11503	0.0259937622455
11504	0.129968811228
11624	0.0259937622455
11626	0.0259937622455
11660	0.0259937622455
11682	0.0259937622455
11696	0.129968811228
11766	0.0259937622455
11786	0.051987524491
11802	0.0259937622455
11849	0.0259937622455
11866	0.0259937622455
11880	0.0259937622455
11904	0.051987524491
12208	0.0259937622455
12212	0.129968811228
12214	0.051987524491
12217	0.0259937622455
12220	0.0259937622455
12289	0.0259937622455
12455	0.0259937622455
12489	0.0259937622455
12549	0.0259937622455
12568	0.051987524491
12657	0.051987524491
12659	0.0259937622455
12679	0.0259937622455
12711	0.0259937622455
12715	0.0259937622455
12727	0.0259937622455
12741	0.0259937622455
12784	0.0259937622455
12836	0.051987524491
12899	0.0259937622455
12901	0.0259937622455
12922	0.0259937622455
12970	0.0259937622455
13021	0.0259937622455
13056	0.0259937622455
