283
t_index	tf-idf
29	0.0854011413464
55	0.0284670471155
78	0.0284670471155
83	0.0284670471155
112	0.0284670471155
161	0.0284670471155
212	0.0284670471155
231	0.0284670471155
247	0.0284670471155
285	0.0284670471155
299	0.056934094231
391	0.0284670471155
420	0.0284670471155
542	0.0284670471155
560	0.056934094231
563	0.056934094231
663	0.0284670471155
667	0.0284670471155
682	0.0284670471155
718	0.0284670471155
731	0.0284670471155
775	0.0284670471155
786	0.0284670471155
835	0.0284670471155
862	0.0284670471155
887	0.0284670471155
894	0.0284670471155
920	0.0284670471155
961	0.0284670471155
1002	0.0284670471155
1008	0.0284670471155
1054	0.0284670471155
1249	0.0284670471155
1261	0.0284670471155
1275	0.056934094231
1353	0.0284670471155
1420	0.0284670471155
1421	0.0284670471155
1453	0.0284670471155
1475	0.0284670471155
1594	0.0284670471155
1688	0.0284670471155
1691	0.056934094231
1707	0.0284670471155
1717	0.0284670471155
1773	0.0284670471155
1883	0.0284670471155
1928	0.0284670471155
1975	0.0284670471155
1982	0.0284670471155
2073	0.0284670471155
2090	0.0284670471155
2094	0.0284670471155
2107	0.0284670471155
2139	0.0284670471155
2304	0.0284670471155
2319	0.0284670471155
2326	0.0284670471155
2327	0.0284670471155
2472	0.0284670471155
2479	0.056934094231
2508	0.0854011413464
2598	0.0284670471155
2602	0.0284670471155
2646	0.0284670471155
2776	0.0284670471155
2818	0.0284670471155
2819	0.0284670471155
2952	0.0284670471155
2960	0.0284670471155
3028	0.0284670471155
3097	0.056934094231
3112	0.0284670471155
3146	0.0284670471155
3153	0.0284670471155
3170	0.056934094231
3249	0.0284670471155
3292	0.0284670471155
3368	0.0284670471155
3375	0.0284670471155
3420	0.0284670471155
3482	0.0284670471155
3486	0.0284670471155
3545	0.0284670471155
3581	0.0284670471155
3628	0.0284670471155
3644	0.056934094231
3675	0.0284670471155
3729	0.0284670471155
3748	0.0284670471155
3763	0.0284670471155
3777	0.0284670471155
3787	0.0284670471155
3833	0.0284670471155
3887	0.0284670471155
3890	0.0284670471155
3906	0.0284670471155
3915	0.0284670471155
3941	0.0284670471155
3946	0.0284670471155
3951	0.0284670471155
3964	0.0284670471155
4085	0.0284670471155
4199	0.0284670471155
4205	0.0284670471155
4227	0.0284670471155
4294	0.0284670471155
4383	0.0284670471155
4456	0.056934094231
4507	0.056934094231
4652	0.0284670471155
4719	0.056934094231
4828	0.0854011413464
4831	0.0284670471155
4834	0.056934094231
4894	0.0284670471155
5013	0.0284670471155
5064	0.0284670471155
5068	0.0284670471155
5131	0.0284670471155
5171	0.0284670471155
5318	0.0854011413464
5447	0.0284670471155
5662	0.0284670471155
5745	0.0284670471155
5758	0.0284670471155
5816	0.0854011413464
5824	0.0284670471155
5850	0.056934094231
5858	0.113868188462
5861	0.0284670471155
5869	0.0284670471155
5938	0.0284670471155
5943	0.0284670471155
6040	0.0284670471155
6048	0.056934094231
6101	0.056934094231
6130	0.0284670471155
6177	0.0284670471155
6415	0.0284670471155
6419	0.056934094231
6423	0.0284670471155
6429	0.0284670471155
6481	0.0284670471155
6486	0.142335235577
6493	0.0284670471155
6579	0.0284670471155
6644	0.0284670471155
6837	0.0284670471155
6872	0.0284670471155
6886	0.056934094231
6905	0.0854011413464
6998	0.0284670471155
7023	0.056934094231
7054	0.0284670471155
7095	0.0854011413464
7179	0.0284670471155
7235	0.0284670471155
7249	0.0284670471155
7262	0.056934094231
7322	0.0284670471155
7379	0.0284670471155
7394	0.56934094231
7398	0.056934094231
7431	0.0284670471155
7483	0.0284670471155
7495	0.0284670471155
7699	0.0284670471155
7714	0.0284670471155
7844	0.0284670471155
7859	0.0284670471155
7932	0.0284670471155
7933	0.0284670471155
7948	0.056934094231
8034	0.0284670471155
8047	0.0284670471155
8222	0.0284670471155
8230	0.0284670471155
8271	0.0284670471155
8296	0.0284670471155
8350	0.0854011413464
8351	0.0284670471155
8365	0.0284670471155
8390	0.0284670471155
8449	0.113868188462
8453	0.0284670471155
8480	0.284670471155
8484	0.113868188462
8531	0.0284670471155
8587	0.0284670471155
8595	0.0284670471155
8602	0.0284670471155
8616	0.0284670471155
8647	0.0284670471155
8720	0.056934094231
8765	0.0284670471155
8839	0.056934094231
8869	0.0284670471155
8886	0.056934094231
8911	0.0284670471155
8964	0.0284670471155
9004	0.0284670471155
9011	0.056934094231
9201	0.0284670471155
9202	0.0284670471155
9285	0.0284670471155
9313	0.0284670471155
9375	0.0284670471155
9389	0.0284670471155
9421	0.0284670471155
9440	0.0284670471155
9442	0.0284670471155
9493	0.142335235577
9518	0.0284670471155
9581	0.0854011413464
9624	0.056934094231
9652	0.0284670471155
9741	0.113868188462
9796	0.0284670471155
9839	0.0284670471155
9909	0.284670471155
9911	0.056934094231
9966	0.0284670471155
10018	0.142335235577
10027	0.0284670471155
10138	0.0284670471155
10153	0.0284670471155
10157	0.0284670471155
10163	0.056934094231
10197	0.0284670471155
10209	0.0284670471155
10240	0.0284670471155
10272	0.056934094231
10479	0.056934094231
10767	0.0284670471155
10820	0.0284670471155
10831	0.0284670471155
10844	0.0284670471155
10917	0.0284670471155
10960	0.0284670471155
10963	0.0284670471155
10986	0.0284670471155
11076	0.0284670471155
11276	0.0284670471155
11284	0.0284670471155
11290	0.056934094231
11407	0.0284670471155
11417	0.0284670471155
11420	0.0284670471155
11442	0.0284670471155
11504	0.0284670471155
11556	0.0284670471155
11603	0.0284670471155
11652	0.0284670471155
11762	0.0854011413464
11786	0.0284670471155
11793	0.0284670471155
11844	0.0284670471155
11847	0.0284670471155
11904	0.0284670471155
11968	0.0284670471155
11992	0.0284670471155
12146	0.0284670471155
12379	0.0284670471155
12441	0.142335235577
12442	0.0854011413464
12470	0.0284670471155
12482	0.0284670471155
12492	0.0284670471155
12518	0.056934094231
12569	0.0854011413464
12640	0.0284670471155
12729	0.0284670471155
12742	0.0284670471155
12793	0.0284670471155
12800	0.0284670471155
12828	0.0284670471155
12899	0.0284670471155
12932	0.0284670471155
12947	0.0284670471155
13001	0.056934094231
13023	0.0284670471155
13056	0.0284670471155
