254
t_index	tf-idf
202	0.03542845222951988
233	0.2190278773606984
237	0.042372505743219824
340	0.056200608867625595
365	0.04614255353139779
384	0.036496987637188345
431	0.023490630566217786
509	0.048519975451157535
517	0.031219487156989235
562	0.032153599294282374
569	0.06082565572782726
637	0.01951906719189996
720	0.03936824839683071
735	0.058391194600230685
807	0.0159478027398857
840	0.020645708676399966
986	0.020645708676399966
1042	0.012357872765113366
1083	0.01446502512402793
1127	0.02686936842660829
1225	0.06507526301824354
1301	0.01928370768794808
1451	0.03621991473347947
1476	0.037073109871306444
1490	0.033998971713365536
1543	0.2249466468202336
1597	0.026413310974705326
1603	0.027345260582861526
1680	0.033998971713365536
1731	0.043271625911133225
1775	0.020514643695152584
1851	0.028100304433812798
1870	0.06900459499817907
1890	0.0765902557368393
1965	0.03469038866922039
1967	0.12101224637564566
2042	0.0354275225635708
2125	0.01607731661984361
2214	0.167056748945158
2331	0.07356251607755111
2335	0.022667400855251204
2336	0.046953909135490926
2414	0.07873649679366142
2434	0.017077029881841215
2545	0.010724004629405853
2657	0.02576299323517689
2760	0.021466878378865496
2811	0.032153599294282374
2815	0.009491369143181001
2833	0.04155672472551427
2834	0.03314019443049046
2846	0.01807260638509384
3019	0.024567938555622157
3047	0.032153599294282374
3094	0.05715991047272644
3099	0.02545177429712211
3160	0.029195597300115343
3305	0.037073109871306444
3318	0.01807260638509384
3489	0.03951919968840262
3499	0.0754474848096696
3700	0.03377787742342073
3792	0.027970790553854884
3869	0.06141893425951886
3870	0.03445502916526851
3879	0.13800918999635814
3973	0.03160169436398229
4017	0.03041282786391363
4026	0.03583474529150937
4067	0.1531805114736786
4079	0.050699941635222595
4094	0.02438086057908255
4103	0.0765902557368393
4255	0.0422760494078806
4262	0.029787297892920273
4380	0.04939594644554967
4437	0.055294613725102415
4501	0.08882155039475542
4502	0.028634253994819253
4506	0.08654325182226645
4661	0.034928922637354094
4679	0.06900459499817907
4719	0.0765902557368393
4771	0.029487449132646233
4882	0.05383327352085864
4903	0.05152598647035378
4949	0.07299397527437669
4981	0.012293528877437452
5012	0.025349970817611298
5032	0.1291345358457402
5047	0.02160993656145513
5071	0.022125901245563413
5153	0.018389840049944442
5254	0.016324420514123583
5342	0.022432041351299323
5350	0.04093431471249732
5357	0.027201184265899396
5390	0.01736631003180134
5406	0.027591198913281944
5422	0.030483012773186404
5427	0.014427610403381762
5746	0.12165131145565453
5769	0.04012329224778198
5795	0.020845297098201657
5809	0.02111720661652127
5834	0.023838081816201846
5838	0.048519975451157535
6057	0.2297707672105179
6108	0.06712232305452974
6114	0.1531805114736786
6211	0.03763485222495891
6312	0.020408023130304133
6353	0.016296638491754018
6356	0.02235469972106366
6360	0.048519975451157535
6511	0.04970938390202008
6528	0.02111720661652127
6605	0.07414621974261289
6656	0.0765902557368393
6671	0.03493092132152174
6676	0.09261548735189187
6690	0.03772933109703203
6698	0.037073109871306444
6737	0.02104859325615904
6743	0.03563018688428142
6826	0.031423742554862064
6827	0.02175488960945154
6942	0.03196652131774277
6956	0.024473999823219163
7012	0.07583821683919346
7023	0.2297707672105179
7108	0.050348181129262586
7132	0.029195597300115343
7222	0.01849766156377217
7261	0.07035371930388432
7264	0.038661952043538214
7366	0.019110451376016427
7406	0.025868731208754724
7684	0.06141893425951886
7743	0.1531805114736786
7761	0.026120095875479504
7792	0.030739532576633186
7794	0.04932538124100286
7820	0.032935631556271515
7857	0.03782408263578058
7976	0.06050612318782283
8099	0.04698126113243557
8101	0.008666760338881415
8191	0.012544950741652969
8314	0.020067896150344065
8397	0.038661952043538214
8418	0.03936824839683071
8419	0.05383327352085864
8474	0.0317825876581705
8477	0.1531805114736786
8491	0.050348181129262586
8604	0.01791483916434909
8654	0.06141893425951886
8700	0.03936824839683071
8710	0.03445502916526851
8865	0.03422462496822924
8928	0.036496987637188345
8934	0.013360812381830543
8979	0.04558414934123406
8990	0.06900459499817907
8996	0.023490630566217786
9008	0.007595659638514788
9126	0.04939594644554967
9184	0.023662977358503826
9230	0.10987015558211231
9441	0.02619221668476051
9492	0.04664191185023629
9532	0.058976896949460116
9565	0.043076347426591374
9596	0.029340550348111755
9609	0.031076291304878
9610	0.05254428010890092
9619	0.013159387153531635
9670	0.01099356986208376
9677	0.03090661666377836
9690	0.04951654044961274
9698	0.05260441100264842
9726	0.032343930963466584
9759	0.06736668151155734
9931	0.1531805114736786
10046	0.03253763150912177
10082	0.04276252039060237
10087	0.10508856021780184
10093	0.032734822341883414
10100	0.004452328853024169
10196	0.01916789925139638
10207	0.07923993292411599
10209	0.08725595283571487
10250	0.23054942089390057
10313	0.022277900843580833
10346	0.021255737518555903
10415	0.06019118839812605
10426	0.022432041351299323
10453	0.036781258038775556
10461	0.018443618021205713
10467	0.016982277816961943
10776	0.046953909135490926
10835	0.018177332496516676
10843	0.04136353816208094
10953	0.02686936842660829
11160	0.02104859325615904
11167	0.021434734312281586
11278	0.030739532576633186
11280	0.020067896150344065
11288	0.028498304480962546
11321	0.06001661452386518
11322	0.0449586193702407
11361	0.08873383755487153
11368	0.06628038886098092
11458	0.01855197331360345
11485	0.0765902557368393
11507	0.03160169436398229
11510	0.02619221668476051
11529	0.1291345358457402
11581	0.10766654704171728
11630	0.05383327352085864
11685	0.09249522556439686
11686	0.04857701465899437
11704	0.1531805114736786
11727	0.05383327352085864
11730	0.048519975451157535
11731	0.0513912362107999
11745	0.036496987637188345
11792	0.0765902557368393
11830	0.0061193245082490876
11836	0.020579979979541974
11837	0.017220714157576103
12067	0.046953909135490926
12096	0.030253061593911414
12153	0.1531805114736786
12232	0.043271625911133225
12329	0.06900459499817907
12435	0.01172719156073258
12448	0.039009403293522274
12484	0.058976896949460116
12604	0.046953909135490926
12681	0.01512146355450424
12730	0.0422760494078806
12799	0.09646079788284712
12804	0.037681254937723244
12844	0.017853537646919933
12930	0.02485469195101004
12983	0.033998971713365536
13039	0.026986415479553088
13074	0.023838081816201846
13115	0.029340550348111755
13169	0.0765902557368393
13173	0.01643037288666186
13201	0.08362057141377892