366
t_index	tf-idf
86	0.015316478174980741
109	0.018104929197465477
158	0.02852202107950151
165	0.01860839976785733
221	0.019149664836372902
222	0.0448201040507004
237	0.02792937581040768
243	0.013436636365165193
350	0.019633973083148546
359	0.1468181828795381
366	0.05048363315713764
384	0.02405659202323536
495	0.018113149945462176
511	0.013695831317389925
517	0.010288992521468605
518	0.02255878891138953
579	0.017634317775699196
580	0.012410040658347355
731	0.030046295719785062
771	0.009196647012798816
844	0.040483621790134795
885	0.02405659202323536
935	0.027558794594890957
1036	0.025712623448021478
1042	0.00814555728107445
1046	0.01625614399606331
1100	0.030046295719785062
1137	0.016009505153891344
1178	0.021709162938408983
1210	0.02924397144681764
1211	0.03387397380251777
1305	0.06774794760503554
1308	0.04548362747363622
1341	0.04255881164539523
1384	0.04548362747363622
1397	0.026981407851476347
1401	0.08511762329079046
1430	0.0169813964844735
1471	0.015597193884257675
1479	0.033186455402266626
1490	0.0224100520253502
1502	0.032387378408310054
1508	0.03644684259124392
1543	0.013479193912817902
1547	0.07289368518248784
1681	0.014102969776903031
1691	0.01509951495079196
1724	0.02119369488765645
1725	0.017484031435587962
1764	0.025889234571165258
1808	0.022865791983680335
1828	0.05048363315713764
1878	0.018522009712498663
1885	0.017336812378781798
1891	0.01463396739964712
1963	0.012410040658347355
1967	0.019940976155439345
2125	0.01059718820075625
2156	0.10018516014513455
2245	0.020523233680039877
2246	0.030046295719785062
2280	0.019243960079814795
2291	0.030483610423131944
2312	0.04255881164539523
2319	0.0224100520253502
2323	0.016912367408383068
2346	0.020949146607273938
2352	0.022865791983680335
2395	0.015316478174980741
2411	0.08456183704191533
2434	0.011256138312561887
2441	0.022710657329235804
2445	0.09405645455615635
2458	0.05048363315713764
2541	0.05048363315713764
2545	0.0070686108889171425
2550	0.02335227854344369
2640	0.03177855529479121
2661	0.05704404215900302
2703	0.021981402167974923
2778	0.03410218503697256
2840	0.01741004634184878
2857	0.02255878891138953
2863	0.037929387177410526
2870	0.013310449764233897
2884	0.0388739794860192
2898	0.014684235780106754
2902	0.014196652696300242
2913	0.0388739794860192
2953	0.03813193788669887
2978	0.02887396811901635
2987	0.03644684259124392
3019	0.016193689204155027
3086	0.026193700571157878
3138	0.01719253790142422
3208	0.10645084831990011
3240	0.06511760055678477
3244	0.07289368518248784
3255	0.04548362747363622
3272	0.030046295719785062
3274	0.08511762329079046
3329	0.022710657329235804
3374	0.0375588059618938
3378	0.035483616106633364
3382	0.03198141353497777
3387	0.040483621790134795
3489	0.013024325095531522
3508	0.02726432581490075
3512	0.030949157974276782
3595	0.14081615761756258
3598	0.018873956752013497
3629	0.025046290036283638
3683	0.025261633890524212
3693	0.022865791983680335
3731	0.020483599056129096
3796	0.03887266207511169
3827	0.021981402167974923
3843	0.017865786300178908
3851	0.038299329672745804
3924	0.01607037879281686
3953	0.04548362747363622
3960	0.05048363315713764
3985	0.026129023473077457
4079	0.016709157254907556
4089	0.1344687342474413
4094	0.01607037879281686
4155	0.017787801936279067
4192	0.05048363315713764
4264	0.02463397876664997
4355	0.007924821511742411
4440	0.03644684259124392
4459	0.020046284352782214
4658	0.019149664836372902
4664	0.05048363315713764
4703	0.040483621790134795
4799	0.09947551118832987
4857	0.026193700571157878
4859	0.030046295719785062
4956	0.0448201040507004
4981	0.013505242846811132
5012	0.016709157254907556
5018	0.04548362747363622
5063	0.027865797667181755
5153	0.012121462841039803
5209	0.01373995061947532
5216	0.027100475418421876
5254	0.03228019212663919
5342	0.014785835817493393
5357	0.008964682221702417
5383	0.02119369488765645
5436	0.01571261208101863
5542	0.01594914092377251
5556	0.024436336721057265
5650	0.025261633890524212
5676	0.04498029720197866
5678	0.05048363315713764
5717	0.03644684259124392
5719	0.009509802310114147
5851	0.03867900860631668
5872	0.025261633890524212
5884	0.0845593491562956
5979	0.027658014202576072
6119	0.017121468524541227
6162	0.10096726631427529
6395	0.20461311022183534
6516	0.019056586339733936
6532	0.012521304819056852
6552	0.01607037879281686
6562	0.019633973083148546
6567	0.04255881164539523
6578	0.05603695761693294
6601	0.021600796708463512
6607	0.10130814103511394
6613	0.032558800278392384
6614	0.033186455402266626
6646	0.01933950430315834
6671	0.023024336462534375
6681	0.018784347110167996
6690	0.008289625932360822
6784	0.020483599056129096
6803	0.011609653671118448
6967	0.012336806695280375
6970	0.010288992521468605
6997	0.01818643835176235
7015	0.05048363315713764
7047	0.021070384476318284
7075	0.06774794760503554
7132	0.03848792015962959
7179	0.05201043713634539
7223	0.040483621790134795
7302	0.04548362747363622
7339	0.03387397380251777
7369	0.04255881164539523
7370	0.2727566468049744
7376	0.03463399013365282
7395	0.06697164211666409
7396	0.02483718892012548
7413	0.03463399013365282
7470	0.026981407851476347
7501	0.033153592095293505
7505	0.0388739794860192
7511	0.07209692786218161
7513	0.016576796047646752
7527	0.07289368518248784
7532	0.010344057547673053
7589	0.033186455402266626
7747	0.02644683122424107
7761	0.008608388400854481
7765	0.022710657329235804
7792	0.020261628207022788
7818	0.0617915987032773
7847	0.09420179440126981
7854	0.025046290036283638
7857	0.008310444080732471
7884	0.05048363315713764
7899	0.012410040658347355
7910	0.09096725494727244
8041	0.04548362747363622
8071	0.04255881164539523
8074	0.032558800278392384
8080	0.030483610423131944
8111	0.05048363315713764
8124	0.04255881164539523
8132	0.019056586339733936
8191	0.008268867692412614
8200	0.010153141361219375
8211	0.07672677751666586
8268	0.0281864497187652
8314	0.01322753524900703
8434	0.05048363315713764
8482	0.23313064376422096
8483	0.0375588059618938
8490	0.11336801355568225
8499	0.023695842684392773
8516	0.014837177553122626
8604	0.04132929912681939
8739	0.035483616106633364
8758	0.04548362747363622
8759	0.010741751824657772
8773	0.015316478174980741
8784	0.020046284352782214
8827	0.08290790873872314
8833	0.011287569662527025
8866	0.01771065164573438
8888	0.033023030418629716
8890	0.011070373109315435
8934	0.07925970608518557
9005	0.020829912761969105
9008	0.020026385397891696
9011	0.011576790364145328
9014	0.019436331037555845
9030	0.05048363315713764
9038	0.0322635410229859
9058	0.03463399013365282
9063	0.020597199567759097
9072	0.0345286288957958
9143	0.018268879059415464
9146	0.046115262541073704
9152	0.022865791983680335
9153	0.032558800278392384
9154	0.01741004634184878
9158	0.040483621790134795
9162	0.03644684259124392
9219	0.21279405822697614
9309	0.04548362747363622
9312	0.027558794594890957
9317	0.04255881164539523
9346	0.015597193884257675
9433	0.03887266207511169
9441	0.0172643144478979
9455	0.027865797667181755
9537	0.021070384476318284
9556	0.016382699582564855
9592	0.020829912761969105
9619	0.008673866763342086
9677	0.04074351972771865
9681	0.05048363315713764
9701	0.12965406798749063
9768	0.03198141353497777
9781	0.10379660916310143
9782	0.06637291080453325
9893	0.030046295719785062
9988	0.02887396811901635
10031	0.011709151571406133
10095	0.023522015396000087
10100	0.029347040866831726
10151	0.021981402167974923
10209	0.008848278657254759
10281	0.03463399013365282
10295	0.05048363315713764
10318	0.03867900860631668
10345	0.01869583700089135
10432	0.022710657329235804
10433	0.020712617764520054
10437	0.0448201040507004
10439	0.07340909143976905
10440	0.31414356933037674
10465	0.31838539231545354
10606	0.02887396811901635
10738	0.01869583700089135
10816	0.015597193884257675
10824	0.024243965763316215
10828	0.026981407851476347
10847	0.02463397876664997
10871	0.035483616106633364
10899	0.07390193629994991
10953	0.01771065164573438
11014	0.016511515209314858
11059	0.03848792015962959
11093	0.05048363315713764
11125	0.0448201040507004
11160	0.04162185320553622
11177	0.02726432581490075
11264	0.10096726631427529
11280	0.01322753524900703
11361	0.02924397144681764
11368	0.021843998329677584
11391	0.02405659202323536
11414	0.026981407851476347
11429	0.030046295719785062
11432	0.017634317775699196
11482	0.040291368061850776
11491	0.016912367408383068
11545	0.02852202107950151
11600	0.05048363315713764
11617	0.01548359337262767
11627	0.014056580656232512
11692	0.030949157974276782
11808	0.04548362747363622
11810	0.019243960079814795
11830	0.0363013751037528
11836	0.027130139458947034
11864	0.05048363315713764
11936	0.011958497058289433
11967	0.008964682221702417
11994	0.05048363315713764
12006	0.011709151571406133
12121	0.05048363315713764
12125	0.017568671486330293
12282	0.04548362747363622
12431	0.021070384476318284
12435	0.007729850632039891
12437	0.04074351972771865
12444	0.05048363315713764
12530	0.03387397380251777
12544	0.023186444035263775
12562	0.017865786300178908
12664	0.05048363315713764
12681	0.00996714806002973
12693	0.05048363315713764
12796	0.040483621790134795
12808	0.03482009268369756
12810	0.0388739794860192
12822	0.012944617285582629
12844	0.01470995618915803
12884	0.029357490401975907
12904	0.01664267306626776
12925	0.017336812378781798
12957	0.01933950430315834
12973	0.01542128055746306
13074	0.01571261208101863
13104	0.030483610423131944
13166	0.014785835817493393
13308	0.05801851290947502
13309	0.061709828126805116
13344	0.02887396811901635