365
t_index	tf-idf
30	0.05552961695582253
37	0.07290069268864144
52	0.05405986115268676
74	0.05180041815202617
86	0.023907343054968024
106	0.023568687250955192
123	0.10519771885438002
134	0.036191496859986565
156	0.03162618004371097
184	0.06642963861498215
185	0.07138198833075685
196	0.03521179603090293
200	0.04908506442264918
211	0.05809134343701201
222	0.03497963406006042
243	0.020973116105215017
385	0.03754970246178138
394	0.042755382012383186
420	0.035448845979539095
432	0.013135588014955284
462	0.05405986115268676
505	0.05180041815202617
516	0.03214997014407818
517	0.016059989188804476
569	0.09387015569589412
607	0.032513209924387734
610	0.12321582680051842
637	0.02008207287333881
681	0.03784217232544252
685	0.1219772605272659
771	0.10048470334042263
774	0.03129005189863137
807	0.03281559857787884
957	0.043016256676922736
977	0.038768128629232824
1016	0.030037711679422718
1042	0.012714321795635917
1056	0.03478503577437496
1083	0.029764505219383897
1096	0.04013458594020666
1184	0.17109430271638132
1234	0.20781910295638323
1278	0.05180041815202617
1279	0.07879941607727756
1301	0.11903954812499691
1303	0.10811972230537352
1322	0.08203899644469712
1330	0.048308242175545996
1352	0.03409608630610719
1388	0.07099495543125775
1430	0.026506097986017364
1551	0.06319049478523794
1621	0.048308242175545996
1764	0.040410256538896815
1775	0.04221273133662834
1809	0.02382171939769116
1814	0.07879941607727756
1845	0.023159207337193215
1880	0.07099495543125775
1885	0.02706086322743537
2054	0.04816113776405064
2110	0.01572260194876457
2193	0.03347614313060957
2207	0.11967709996989058
2214	0.028645885698300913
2252	0.024256501471922938
2257	0.0583643033044228
2272	0.025571597766296035
2280	0.030037711679422718
2335	0.02332121670308302
2343	0.05862517796896235
2429	0.036191496859986565
2434	0.017569597725942264
2501	0.043016256676922736
2603	0.03497963406006042
2609	0.03671528696035378
2625	0.023736741962853757
2632	0.02639835116693743
2640	0.02480142022677479
2656	0.05862517796896235
2667	0.04758157349319834
2719	0.025571597766296035
2815	0.019530274159844915
2826	0.04908506442264918
2835	0.04758157349319834
2846	0.018593890520917623
2863	0.029601807306992068
2872	0.036191496859986565
2875	0.03521179603090293
2902	0.022159418266080182
2964	0.08257570959607849
2977	0.02032954342121098
2988	0.06319049478523794
3001	0.058920354107524345
3004	0.04013458594020666
3025	0.01771742641404977
3034	0.048308242175545996
3101	0.04451974760637359
3136	0.030186845736109837
3137	0.03726463769978198
3138	0.026835666587264
3171	0.11377905013733797
3203	0.05287355899182159
3228	0.039430640689730775
3238	0.05862517796896235
3258	0.0943705851453112
3328	0.05405986115268676
3368	0.025671682484589765
3490	0.019839924687499483
3510	0.024256501471922938
3511	0.03726463769978198
3558	0.020021045858514833
3643	0.050553146579305354
3674	0.04908506442264918
3693	0.03569099416537842
3767	0.02838703621396676
3855	0.023993622838620818
3915	0.019899975265419603
4032	0.04091069743033138
4074	0.07553977499845795
4076	0.07879941607727756
4101	0.03162618004371097
4142	0.03497963406006042
4155	0.027764808477911265
4208	0.07879941607727756
4214	0.056889525068668984
4276	0.06995926812012083
4301	0.036191496859986565
4355	0.037109332386886205
4383	0.07879941607727756
4409	0.035938464713250594
4441	0.05405986115268676
4473	0.04255662319840524
4692	0.09644991043223455
4795	0.023652401069083926
4908	0.019602874738863324
4926	0.029460177053762172
4981	0.012648121980421497
5054	0.03814244229795099
5079	0.02706086322743537
5141	0.03497963406006042
5153	0.01892027443633597
5190	0.03347614313060957
5238	0.07099495543125775
5254	0.01679528018202116
5347	0.023485591252611567
5357	0.01399288601495246
5360	0.06642963861498215
5390	0.01786722183856996
5416	0.031125677349102824
5422	0.01568113060659176
5436	0.024525664648167057
5525	0.0298905271434176
5530	0.0298905271434176
5542	0.02489486023748658
5547	0.04349545481139822
5601	0.02740733538488313
5641	0.024525664648167057
5719	0.02968751740647614
5795	0.021446556399283348
5807	0.05552961695582253
5809	0.04345261768762358
5866	0.026724735082355774
5893	0.04758157349319834
5925	0.10776521710931106
5933	0.02340310402162614
5964	0.031456861715103736
5968	0.08699090962279644
5979	0.021585563802789656
6133	0.023568687250955192
6138	0.04013458594020666
6197	0.0369866122982312
6211	0.012906795827357275
6277	0.03754970246178138
6288	0.03096366798321302
6312	0.04199333950483305
6317	0.025374058371962067
6453	0.17109430271638132
6491	0.04451974760637359
6512	0.04013458594020666
6532	0.019544383923322695
6576	0.020392270361556546
6583	0.06319049478523794
6681	0.029320306228095956
6708	0.02194078116974177
6714	0.05809134343701201
6781	0.036762883278896534
6836	0.03179808348464062
6861	0.03409608630610719
6871	0.07099495543125775
7012	0.013004280909666667
7035	0.045069098345801785
7065	0.03754970246178138
7071	0.028777576751234824
7125	0.03671528696035378
7150	0.07099495543125775
7179	0.02706086322743537
7181	0.043995957506006364
7193	0.027886533519358617
7203	0.020907078046871523
7222	0.019031205941244193
7229	0.03308103393567248
7231	0.05467408479479429
7264	0.07955422569435706
7268	0.07879941607727756
7352	0.030629211966331282
7444	0.04461514229850346
7445	0.03431055863203717
7501	0.02587456106657021
7511	0.0750235995472297
7600	0.03784217232544252
7672	0.06642963861498215
7761	0.026873500852932785
7772	0.07824348719505522
7776	0.017569597725942264
7791	0.06117681108466963
7794	0.025374058371962067
7819	0.029045671718506003
7847	0.011310667099917779
7899	0.01937071276802081
7971	0.05405986115268676
7974	0.06291372343020747
8079	0.05405986115268676
8100	0.012400667623428601
8101	0.08025069020514701
8105	0.05082071732294254
8115	0.03645034634432072
8120	0.06319049478523794
8176	0.0606780196378414
8191	0.012906795827357275
8205	0.021585563802789656
8257	0.028910826314333973
8510	0.056889525068668984
8604	0.009215786340494258
8641	0.03269932088350638
8710	0.035448845979539095
8759	0.01676669681826155
8788	0.04255662319840524
8794	0.06642963861498215
8816	0.02008207287333881
8822	0.07099495543125775
8873	0.06272123414061458
8888	0.025772664835655594
8890	0.01727963861191151
8920	0.034752162552385425
8989	0.05862517796896235
9008	0.007814747952967348
9028	0.048308242175545996
9173	0.02172630884381179
9184	0.024345509498058377
9242	0.0606780196378414
9246	0.04211501927805697
9338	0.028515717119396884
9422	0.021173586504816305
9439	0.038768128629232824
9492	0.07198086851586245
9502	0.030186845736109837
9537	0.03288855990395112
9565	0.044318836532160365
9586	0.04625540050666695
9597	0.026947701906365622
9619	0.02707790994186105
9655	0.035938464713250594
9716	0.020646732189796665
9730	0.022686713255711755
9740	0.040885494581692286
9772	0.043016256676922736
10026	0.03754970246178138
10100	0.06871126955257727
10103	0.06724949675966399
10197	0.22607847488948396
10209	0.00690559640696277
10238	0.029460177053762172
10300	0.02740733538488313
10313	0.0229204819988254
10346	0.021868835514913334
10355	0.04219312460668058
10359	0.027886533519358617
10362	0.023736741962853757
10418	0.024345509498058377
10461	0.03795120714616744
10473	0.023993622838620818
10482	0.07879941607727756
10585	0.058633151769968084
10589	0.049919479924076776
10612	0.04625540050666695
10677	0.023736741962853757
10711	0.026271176029910567
10736	0.029460177053762172
10759	0.04564663297146233
10796	0.03845093986064715
10828	0.08423003855611394
10835	0.01870163733999756
10917	0.027290656033267396
10930	0.04908506442264918
10942	0.034752162552385425
11009	0.02489486023748658
11015	0.04451974760637359
11023	0.036191496859986565
11059	0.030037711679422718
11072	0.04908506442264918
11144	0.024525664648167057
11167	0.0367549921185548
11172	0.05301219597203473
11181	0.04960284045354958
11205	0.04128060377662937
11325	0.039430640689730775
11329	0.05180041815202617
11354	0.04169008369039135
11439	0.02408056888202532
11517	0.0459989921082196
11521	0.03845093986064715
11549	0.04908506442264918
11626	0.048308242175545996
11645	0.05180041815202617
11656	0.03814244229795099
11669	0.03645034634432072
11686	0.024989082182062413
11771	0.05692681071925115
11830	0.03147914792804823
11910	0.03624279287887232
11936	0.01866590271785576
11990	0.05862517796896235
12007	0.04451974760637359
12017	0.05180041815202617
12084	0.04169008369039135
12094	0.03409608630610719
12096	0.06225135469820565
12098	0.056889525068668984
12125	0.013711384936056342
12189	0.14964383704334114
12224	0.07879941607727756
12232	0.04451974760637359
12435	0.048261797186694703
12572	0.014281605851377995
12579	0.01723202984469667
12643	0.04349545481139822
12681	0.015557625273153854
12695	0.03347614313060957
12713	0.0795182939580521
12765	0.09753962977316319
12775	0.022013189500770507
12844	0.011480314368619318
12859	0.02706086322743537
12868	0.031456861715103736
12884	0.015274607871223889
12914	0.0597810542868352
12920	0.03708080262999377
12930	0.05114319553259207
12943	0.029080910671424303
12971	0.02051878244165572
12973	0.036106392124439037
12974	0.03179808348464062
12982	0.06642963861498215
13018	0.025276573289652677
13083	0.0229204819988254
13134	0.0606780196378414
13163	0.013957311082764193
13166	0.023079068517243694
13177	0.03431055863203717
13190	0.026947701906365622
13201	0.043016256676922736
13270	0.0683615983658671
13271	0.21751372399625027
13289	0.028134004067230788