The document has 405 terms

t_index   tfidf
17	0.027873274441685914
23	0.04255233494744157
30	0.12460544488753146
73	0.05950512074313307
79	0.01702713333880849
106	0.052886854282765364
114	0.037382762248647554
120	0.02304080200402822
124	0.17310917675247206
192	0.03733886734978677
210	0.07533651238861737
212	0.021725636665931393
244	0.031375022390271144
250	0.04726534623641771
305	0.024182348485954398
328	0.027070584519320883
366	0.05326395992997747
385	0.028086497723470553
430	0.01965036411428259
461	0.08087159512070548
510	0.04797037769257247
547	0.08285550189626797
564	0.02340439241329992
574	0.014488942505330522
592	0.026164133081897974
604	0.02304080200402822
605	0.027070584519320883
662	0.017566797125016194
679	0.06082452190934886
730	0.04493532919793727
758	0.03954846501825336
766	0.06442349069370734
808	0.034598202272069015
827	0.02460004746537547
840	0.04726534623641771
878	0.034598202272069015
890	0.08772596310475093
931	0.03217538132181778
973	0.028997858440993493
982	0.03177608275529534
1054	0.016685659412010494
1079	0.030019943774238122
1173	0.04538606030653709
1227	0.1748755429958845
1229	0.043850571898385225
1261	0.05894053681298517
1288	0.037668256194308684
1294	0.014839904527511027
1298	0.03954846501825336
1314	0.076025953220203
1321	0.024890485549219875
1370	0.04538606030653709
1469	0.02852985639125581
1470	0.05007909816518078
1673	0.04255233494744157
1707	0.053102941524701436
1760	0.030226140391918892
1786	0.03290817980760461
1805	0.053454644679014014
1904	0.014618845385732403
2020	0.03183158380008902
2030	0.029752560371566535
2038	0.013631741908694527
2106	0.011760221649970974
2121	0.012372405118241694
2203	0.16827943750124374
2268	0.019127092236738478
2281	0.05661051977450472
2320	0.019745488814677283
2332	0.07026718850006478
2348	0.018834128097154342
2433	0.026283482114630868
2451	0.034598202272069015
2460	0.03371086972996964
2465	0.04471514646068948
2544	0.016505457086183728
2566	0.023655810181288397
2583	0.034142855175536085
2624	0.10652791985995494
2627	0.07909693003650672
2639	0.018551013378791507
2746	0.014608291538063417
2761	0.06607991176824406
2779	0.01990745284039376
2801	0.04726534623641771
2841	0.020326537793614246
2873	0.027070584519320883
2889	0.027462370032841632
2893	0.032533812852047234
2903	0.01657484373723495
2904	0.053102941524701436
2923	0.030296095391937155
2926	0.038745775095888335
2932	0.036133690680220876
2984	0.036133690680220876
3003	0.07337550031096028
3007	0.04968816718666895
3021	0.018906419268689113
3028	0.0789358972813709
3041	0.020072592832876688
3097	0.01065508321407755
3104	0.019586580897049545
3105	0.021624774744557904
3130	0.04726534623641771
3142	0.027873274441685914
3253	0.04142775094813399
3262	0.033299965321125356
3274	0.06742173945993928
3295	0.053102941524701436
3325	0.028997858440993493
3353	0.02599398851180529
3361	0.03217538132181778
3396	0.02633778603353405
3446	0.152051906440406
3497	0.014839904527511027
3517	0.03628684802836669
3554	0.03733886734978677
3565	0.014975379884807736
3591	0.03217538132181778
3654	0.03886123177686322
3682	0.03954846501825336
3705	0.05198797702361058
3772	0.02123298923103716
3777	0.04255233494744157
3832	0.02599398851180529
3835	0.03217538132181778
3858	0.01794679555505497
3920	0.02976964254554109
3929	0.056287356531275236
3939	0.06719945738327936
3953	0.02830525988725236
3954	0.02924198770158365
3955	0.03118342793403653
3957	0.03671473965915784
4014	0.03559015565985026
4036	0.015300230559910592
4078	0.018834128097154342
4094	0.034887695874894584
4100	0.02431929247517969
4127	0.04726534623641771
4146	0.053102941524701436
4153	0.08772596310475093
4164	0.028760606983785287
4199	0.029752560371566535
4274	0.04608160400805644
4279	0.02949340546957212
4294	0.028760606983785287
4298	0.02852985639125581
4305	0.0380129766101015
4310	0.08121175355796265
4324	0.026881321053904665
4341	0.02460004746537547
4344	0.02214161601905285
4378	0.014706573989138405
4383	0.05894053681298517
4494	0.02391496508328281
4510	0.0820238524151121
4514	0.07909693003650672
4620	0.05894053681298517
4649	0.019745488814677283
4672	0.013439891476655872
4703	0.09619038277923657
4785	0.022692261102972084
4813	0.009678285255567217
4817	0.04968816718666895
4922	0.029325190913933197
4924	0.02431929247517969
4968	0.02076757414792191
5085	0.01702713333880849
5093	0.10120517921627954
5094	0.17682161043895547
5155	0.022692261102972084
5160	0.043850571898385225
5178	0.0253458326457528
5201	0.030877144370874115
5227	0.031501272061503036
5232	0.021093523704696054
5278	0.03501019633881615
5290	0.05705971278251162
5359	0.03513359425003239
5369	0.010466425442485397
5419	0.08493195692414864
5429	0.04656288645146204
5542	0.02235757323034474
5559	0.032533812852047234
5682	0.04538606030653709
5726	0.026515095104078477
5731	0.04441145124391634
5733	0.03733886734978677
5761	0.0442832320381057
5818	0.04153514829584382
5820	0.016250885729446846
5830	0.034598202272069015
5845	0.03668950639534135
5877	0.039979236150534864
5939	0.115152045216057
5947	0.017505098169408075
5978	0.023529163136460033
6150	0.037668256194308684
6210	0.027665316474091612
6288	0.03290817980760461
6326	0.023557693345317647
6367	0.01254118571233769
6506	0.033299965321125356
6526	0.07650836894695391
6527	0.030019943774238122
6568	0.018762452177091746
6592	0.015253049093243935
6594	0.043616094388821414
6613	0.03733886734978677
6617	0.0252193131508998
6742	0.061238750107051015
6753	0.01619808386511846
6775	0.020156393223521564
6797	0.013748985608765817
6877	0.025503255355763057
6978	0.02633778603353405
7013	0.01415202278698371
7023	0.03118342793403653
7040	0.033299965321125356
7081	0.08425949317041166
7092	0.053102941524701436
7197	0.03290817980760461
7199	0.02328144322573102
7237	0.07117498772296482
7246	0.013631741908694527
7315	0.043850571898385225
7318	0.036554214587281884
7360	0.017754653309992492
7367	0.05727524026586181
7382	0.014706573989138405
7461	0.016685659412010494
7518	0.019353703301156537
7564	0.11599143376397397
7607	0.034142855175536085
7616	0.02852985639125581
7776	0.010050446089363944
7791	0.18398437480241606
7834	0.021725636665931393
7862	0.014864636202352375
7867	0.043850571898385225
7913	0.04346682751599157
7915	0.04968816718666895
7987	0.023529163136460033
8047	0.01702713333880849
8090	0.0705874894093801
8106	0.018077369794999087
8108	0.04668693834772254
8209	0.08072805493251818
8237	0.017882259838703764
8249	0.02669621756376351
8299	0.04142775094813399
8353	0.04142775094813399
8354	0.03183158380008902
8414	0.030296095391937155
8529	0.04726534623641771
8541	0.06742173945993928
8602	0.027264199247956148
8609	0.036554214587281884
8610	0.0068932413601874255
8637	0.04142775094813399
8641	0.023655810181288397
8644	0.019353703301156537
8646	0.024458500103653427
8758	0.01367064206918535
8767	0.018277107293640942
8838	0.01317843771569451
8878	0.09382869553742199
8896	0.03877457066642406
8897	0.04656288645146204
8919	0.04726534623641771
8933	0.03183158380008902
8966	0.02924198770158365
9015	0.011690580015323023
9018	0.013516108012872811
9072	0.05950512074313307
9116	0.01990745284039376
9150	0.0426584804378807
9159	0.02669621756376351
9198	0.03954846501825336
9294	0.027070584519320883
9304	0.040145185665753376
9373	0.03371086972996964
9431	0.015837459425158316
9502	0.02633778603353405
9560	0.03696339437379193
9567	0.04968816718666895
9582	0.0380129766101015
9598	0.06919640454413803
9631	0.05063446619267442
9649	0.04043579756035274
9668	0.026881321053904665
9682	0.03384069698833009
9697	0.05007909816518078
9698	0.04471514646068948
9742	0.03671473965915784
9743	0.01696925084448056
9842	0.034142855175536085
9967	0.03183158380008902
9970	0.025663676773219315
10002	0.03371086972996964
10006	0.04255233494744157
10017	0.06300254412300607
10044	0.01367064206918535
10086	0.11788107362597033
10113	0.02066104443418964
10114	0.03768950960596679
10117	0.037726054678475014
10134	0.1415262994362618
10200	0.030581609845256565
10203	0.03671473965915784
10210	0.07375391690402144
10211	0.021137825848194316
10251	0.022035679153402186
10282	0.02852985639125581
10326	0.01714410563268994
10368	0.010519897811154977
10376	0.017754653309992492
10476	0.03217538132181778
10481	0.013068823980405389
10487	0.01794679555505497
10502	0.027665316474091612
10598	0.16080729924305642
10603	0.05894053681298517
10649	0.018143424014183344
10672	0.14179603870925314
10734	0.02599398851180529
10740	0.029752560371566535
10811	0.028760606983785287
10966	0.020677499815794753
10973	0.09872453942281383
10997	0.023529163136460033
11074	0.03004205397439211
11075	0.09453069247283542
11108	0.06506762570409447
11141	0.016854665814688356
11159	0.018344753197670673
11182	0.005498413754488076
11294	0.015443381934545423
11339	0.05898681093914424
11340	0.030296095391937155
11358	0.03217538132181778
11365	0.020500190745250325
11448	0.02058837866908801
11453	0.06203249944738426
11455	0.018011829621639937
11497	0.05038259717888052
11498	0.0470408865998839
11526	0.020156393223521564
11634	0.017262725477762267
11704	0.11214828674594267
11732	0.045846023391003125
11736	0.019508237357469076
11757	0.09453069247283542
11764	0.028086497723470553
11780	0.0380129766101015
11790	0.08516044787827783
11837	0.030581609845256565
11881	0.04968816718666895
11899	0.053102941524701436
11929	0.027108953012896144
11956	0.006980878673075743
11969	0.02519129858944026
12016	0.026515095104078477
12068	0.034598202272069015
12111	0.05894053681298517
12115	0.025503255355763057
12131	0.02924198770158365
12188	0.04968816718666895
12344	0.053102941524701436
12387	0.04538606030653709
12433	0.035079582989867374
12443	0.07226738136044175
12446	0.03217538132181778
12458	0.018049475334649463
12545	0.04968816718666895
12549	0.053102941524701436
12567	0.04142775094813399
12591	0.03204714796133187
12625	0.02949340546957212
12713	0.06919640454413803
12718	0.12519774541295195
12798	0.032930934535580096
12835	0.05894053681298517
12876	0.010875997382412557
12884	0.04255233494744157
12908	0.01142513018947854
12938	0.06707271969103422
12944	0.04160365370585042
12945	0.04968816718666895
12949	0.02024103584325591
12954	0.05738127671021543
12958	0.116237325287665
12982	0.027873274441685914
12997	0.023784390843338693
13026	0.04255233494744157
13085	0.023529163136460033
13135	0.022579214173772805
13183	0.03131944811153874
13204	0.024458500103653427
13210	0.06046917967056469
13233	0.05232826616379595
13283	0.006585089798842105
13290	0.03834992858125793
13291	0.09038684897499542
