The document has 256 terms

t_index   tfidf
73	0.03502646332213166
138	0.022343590604821863
166	0.05115339361223102
202	0.02896062219546398
210	0.022172642917473114
218	0.01651585025747872
256	0.030801955741068834
451	0.05343113859142722
515	0.02831024349066247
571	0.017210164278991406
631	0.03536727221167692
679	0.035803101634574175
705	0.029478029339022205
773	0.029130108720000145
787	0.03502646332213166
824	0.05849583174599807
912	0.036002469105156226
980	0.1387765304958241
1055	0.03534124278412288
1074	0.04129774754190572
1208	0.029302542983593804
1218	0.029478029339022205
1284	0.02846888239896681
1583	0.031646271587599244
1617	0.03502646332213166
1622	0.03534124278412288
1634	0.05849583174599807
1665	0.06938826524791206
1675	0.0387682322552761
1715	0.03566634470435716
1726	0.039202676992576464
1749	0.0556435444775999
1750	0.3341881265971518
1753	0.05162347136084199
1760	0.0177919947827234
1805	0.020976650164606578
1861	0.05009511049449045
1963	0.05481656751878542
1967	0.1387765304958241
2000	0.034425387156749636
2038	0.03209617606140255
2078	0.0556435444775999
2121	0.029131045440700623
2132	0.039202676992576464
2332	0.06204199915931242
2363	0.03233031660742038
2482	0.11699166349199613
2542	0.06827596767601123
2553	0.05849583174599807
2593	0.2534062088542088
2778	0.05849583174599807
2779	0.023436223909572864
2847	0.016373189950935545
2954	0.03494081619500181
2978	0.035803101634574175
2979	0.039686417821115066
3003	0.028793984319201077
3051	0.029130108720000145
3069	0.0375284885568678
3098	0.021281742551819503
3105	0.0254579562222643
3141	0.026581578433028403
3158	0.037878750590529836
3219	0.06251590486275597
3262	0.039202676992576464
3371	0.036002469105156226
3539	0.04475111097568591
3602	0.025806354217931985
3623	0.05009511049449045
3678	0.061203303099572615
3705	0.061203303099572615
3790	0.031215128867813066
3920	0.017523286730826378
3928	0.04877118409244382
3939	0.015822230422575585
3947	0.026714663924489575
3995	0.022966243971857935
4065	0.02645025571519563
4094	0.04107184674847326
4147	0.030801955741068834
4175	0.03209701830832869
4199	0.03502646332213166
4285	0.030801955741068834
4309	0.04877118409244382
4321	0.06243025773562613
4339	0.06251590486275597
4641	0.024996723281364482
4672	0.015822230422575585
4811	0.02863010091447884
4821	0.20954172827384815
4991	0.12503180972551195
4992	0.06938826524791206
4993	0.11699166349199613
5097	0.026066412157430184
5104	0.04189882370728774
5155	0.026714663924489575
5191	0.025340620885420877
5192	0.02557669680611551
5205	0.029478029339022205
5272	0.1387765304958241
5308	0.05162347136084199
5309	0.06938826524791206
5334	0.022430182598437726
5554	0.023245550336091624
5614	0.024134029820217673
5631	0.037878750590529836
5688	0.020608030748407245
5710	0.0556435444775999
5866	0.09122760887366545
5867	0.06251590486275597
5939	0.04066912734088472
5947	0.04121606149681449
5976	0.06251590486275597
6085	0.1276161152685397
6098	0.09520679648816815
6145	0.04150767617137052
6203	0.028793984319201077
6224	0.03409594449879023
6244	0.043222750109334365
6282	0.0556435444775999
6326	0.009244500547280104
6331	0.022343590604821863
6358	0.059677208714028034
6519	0.05849583174599807
6568	0.044176523620615804
6617	0.014844829084584
6684	0.04019497648550779
6705	0.0556435444775999
6706	0.011393846421675334
6755	0.10324694272168398
6840	0.026066412157430184
6852	0.08400114979444877
6858	0.030801955741068834
6943	0.043222750109334365
7014	0.024996723281364482
7036	0.04253870508951323
7040	0.039202676992576464
7148	0.02645025571519563
7226	0.027699914202586554
7244	0.029130108720000145
7246	0.03209617606140255
7360	0.06270546519625854
7423	0.023436223909572864
7466	0.05539982840517311
7500	0.036002469105156226
7518	0.022784317395191808
7528	0.06606340102991488
7549	0.014217602101328247
7620	0.04475111097568591
7727	0.1112870889551998
7776	0.023663952071606705
7862	0.011666349119454788
7913	0.08528617485378338
7992	0.02619271603423102
8107	0.010919634397567317
8108	0.03925900621749283
8114	0.06938826524791206
8248	0.05343113859142722
8316	0.018180857181520776
8484	0.031006390205373754
8505	0.0325692370899612
8644	0.022784317395191808
8731	0.2908031177934263
8732	0.04760339824408408
8758	0.016093883586701857
8767	0.32275327917686325
8808	0.11721017193437522
8871	0.024342768482656985
9012	0.02863010091447884
9019	0.021921623934044995
9043	0.04253870508951323
9053	0.04253870508951323
9054	0.032814057435958985
9070	0.02831024349066247
9074	0.07148681229901424
9304	0.023630636417857304
9314	0.04760339824408408
9342	0.07417029907229002
9356	0.02143788310550639
9437	0.031646271587599244
9497	0.02557669680611551
9547	0.05792124439092796
9576	0.03534124278412288
9618	0.04655877820627114
9631	0.023843948228782906
9637	0.029838604357014017
9644	0.04189882370728774
9682	0.029879443576977405
9690	0.04384324786808999
9702	0.022430182598437726
9710	0.023828937433004748
9778	0.043222750109334365
9790	0.04073103785892801
9912	0.024664355167879477
9941	0.12402556082149502
9952	0.04760339824408408
9995	0.04877118409244382
10100	0.04760339824408408
10108	0.03233031660742038
10114	0.06050496354642196
10221	0.023929595355912756
10326	0.04036609822044351
10331	0.026581578433028403
10359	0.019257002588491667
10425	0.02896062219546398
10426	0.04335360717609442
10475	0.01670931435173461
10549	0.06251590486275597
10588	0.043222750109334365
10611	0.03209701830832869
10627	0.02455599649099454
10636	0.031215128867813066
10688	0.04189882370728774
10717	0.031215128867813066
10850	0.01646806838067677
10959	0.0897207303937509
10986	0.029478029339022205
10993	0.02167680358804721
11072	0.02645025571519563
11076	0.07270077944835658
11125	0.08540664719690041
11135	0.027699914202586554
11182	0.01294611188390578
11390	0.032814057435958985
11498	0.013844824349184525
11634	0.04064539073179815
11778	0.06251590486275597
11855	0.015601403471350734
11956	0.016436601606389035
12025	0.016093883586701857
12087	0.04253870508951323
12115	0.030023931626646728
12180	0.028154102936975584
12211	0.07529806527859616
12251	0.09754236818488764
12268	0.04655877820627114
12341	0.036710964742170095
12503	0.05849583174599807
12513	0.045613804436832724
12550	0.07200493821031245
12796	0.033587024309645656
12928	0.02287486341488076
12982	0.032814057435958985
12984	0.0936453866034392
13031	0.05849583174599807
13093	0.021596522013810727
13103	0.020183049110221753
13110	0.01951288053807774
13135	0.026581578433028403
13162	0.018294820737938276
13167	0.04189882370728774
13181	0.02455599649099454
13183	0.012290365230735912
13186	0.020322695365899077
13221	0.037878750590529836
13283	0.01550470974138499
