The document has 377 terms

t_index   tfidf
79	0.015218861082247381
122	0.021375208859129458
138	0.016963741196445857
156	0.03534843964351289
175	0.02354072754834954
218	0.01253919364896797
238	0.014572542638056303
273	0.020181313966324152
429	0.01615756300066408
430	0.008781753091380117
574	0.012950224728358465
584	0.042517003064237224
650	0.027598008510674715
705	0.022380362652209336
716	0.012950224728358465
732	0.03366790796928145
740	0.047463438151456344
747	0.04224579229299096
795	0.030923892096035008
919	0.0409772007582085
920	0.047463438151456344
953	0.02875837340681492
957	0.023861093845923928
1040	0.02591830171966202
1156	0.02323344113556944
1170	0.08449158458598192
1208	0.022247129584631
1464	0.016276108313718753
1476	0.02198753586658877
1482	0.03745143251549162
1516	0.03803330022760547
1591	0.32702167056282916
1651	0.02659285471759483
1654	0.009720972403297423
1668	0.011552244149658017
1675	0.04415053092319121
1686	0.0472702992565388
1701	0.04224579229299096
1703	0.04441131098221105
1729	0.02070065586119664
1750	0.0422871521322372
1760	0.013508070399280436
1779	0.07109761947746382
1871	0.045031992888702396
1874	0.019328235482964046
1890	0.026831842149007183
1942	0.026831842149007183
2008	0.03135415044464076
2014	0.036141537954500376
2052	0.03919366512374567
2106	0.09460163283121595
2121	0.06635077473152026
2126	0.02659285471759483
2137	0.0322963124742676
2201	0.02436875618561367
2232	0.03281565436914009
2253	0.019509629123047916
2262	0.039580376993043356
2264	0.025706246237569626
2320	0.01764852869195135
2322	0.031810500576060205
2337	0.02308437741693009
2359	0.027333859590190832
2361	0.017162716793743957
2362	0.025103727012351394
2370	0.03337350004006206
2393	0.015983173615114716
2400	0.03803330022760547
2428	0.024195703235363894
2478	0.03534843964351289
2527	0.02265411906832434
2533	0.05937056548956504
2544	0.007376293281297685
2593	0.019239151936697313
2656	0.03544112492933186
2710	0.04441131098221105
2716	0.04441131098221105
2746	0.019585348438545307
2754	0.07606660045521094
2812	0.022116213731725454
2815	0.029763527199894804
2834	0.014291983264582541
2874	0.01809144889687331
2889	0.024545881341429425
2899	0.030646821964869984
2928	0.02845108699403482
2936	0.025706246237569626
2954	0.06631957387778592
2971	0.03702814643452559
3087	0.025706246237569626
3097	0.009523519198926972
3098	0.01615756300066408
3134	0.03534843964351289
3143	0.0179408944421552
3159	0.02845108699403482
3257	0.02529925675387629
3267	0.05272244384916796
3290	0.01856206912129652
3324	0.012430882833485975
3389	0.03337350004006206
3424	0.024727274981513295
3501	0.029413349093829273
3515	0.02845108699403482
3517	0.016216602297864525
3534	0.040769543071308235
3557	0.02550000123187931
3602	0.0489818670955166
3605	0.05908650620435028
3654	0.03473419019683821
3814	0.021493754172184132
3911	0.11380434797613928
3920	0.013304061387013693
3929	0.016769890008123393
3932	0.02591830171966202
3976	0.021736596902940743
3983	0.029763527199894804
4007	0.016963741196445857
4011	0.024026539446556933
4036	0.01367535443484873
4065	0.040163221790821824
4072	0.023385516445289217
4073	0.03281565436914009
4094	0.031182641636426516
4099	0.016769890008123393
4106	0.0211435760661186
4135	0.0940624513339223
4160	0.01856206912129652
4172	0.024913147926582137
4238	0.0322963124742676
4240	0.03281565436914009
4302	0.17182116939000597
4336	0.012218827351393582
4399	0.024545881341429425
4555	0.045876416646262616
4609	0.04441131098221105
4631	0.04441131098221105
4649	0.01764852869195135
4692	0.03366790796928145
4764	0.011648545742065511
4787	0.012723248583689822
4792	0.029413349093829273
4799	0.04441131098221105
4801	0.3613945260460164
4803	0.04224579229299096
4805	0.03702814643452559
4821	0.05965824346165805
4878	0.03135415044464076
4938	0.029763527199894804
5026	0.03487294641971792
5142	0.040566085501978266
5178	0.02265411906832434
5225	0.014338022991010021
5279	0.024727274981513295
5307	0.02198753586658877
5329	0.03702814643452559
5331	0.018401904104398216
5354	0.015429433464777272
5369	0.018709793559181852
5429	0.020808966676678635
5440	0.029771234541944143
5555	0.033976019265280294
5568	0.02550000123187931
5581	0.04441131098221105
5688	0.03129213261801671
5731	0.009923744847314715
5736	0.03919366512374567
5749	0.027078666615802226
5859	0.02048860037910425
5871	0.03135415044464076
5915	0.01664337489887147
5951	0.04441131098221105
6048	0.024545881341429425
6057	0.04441131098221105
6074	0.02323344113556944
6112	0.033976019265280294
6131	0.017866731558464716
6145	0.03151353283769253
6164	0.02436875618561367
6224	0.008628794845549409
6270	0.04441131098221105
6287	0.029413349093829273
6326	0.00701862639483821
6331	0.033927482392891714
6371	0.040566085501978266
6452	0.02636122192458398
6463	0.023861093845923928
6534	0.04441131098221105
6579	0.02048860037910425
6592	0.02726636722832205
6595	0.026136504586175384
6617	0.01127051793734577
6659	0.03379713574652015
6688	0.056311708363193366
6706	0.03460182659946155
6797	0.01228885084987933
6843	0.014963668107858775
6919	0.025103727012351394
6984	0.012873803038407936
7070	0.02845108699403482
7073	0.03337350004006206
7140	0.061847784192070016
7209	0.03337350004006206
7226	0.021030378868248132
7231	0.03919366512374567
7246	0.012184058366690936
7295	0.026136504586175384
7303	0.03803330022760547
7382	0.013144743867504837
7467	0.03919366512374567
7568	0.02529925675387629
7730	0.23783213485696206
7749	0.019601991899079046
7762	0.027598008510674715
7767	0.07606660045521094
7776	0.05389856523882126
7812	0.04224579229299096
7824	0.012430882833485975
7857	0.04347319380588149
7862	0.013286019960044342
7913	0.038850674185075394
7944	0.03135415044464076
8009	0.04224579229299096
8042	0.04441131098221105
8242	0.03534843964351289
8251	0.04224579229299096
8279	0.02308437741693009
8286	0.09544437538369571
8362	0.027333859590190832
8479	0.021861020757336848
8496	0.03943423160251451
8527	0.03337350004006206
8613	0.14596060882121278
8644	0.01729835058588582
8707	0.021861020757336848
8767	0.01633608848609137
8789	0.06275657618313003
8797	0.030130793785047513
8821	0.013425802128993174
8845	0.10687604429564727
8870	0.02354072754834954
8871	0.01848156063402256
8926	0.04646688227113888
9010	0.03534843964351289
9015	0.04179618722279852
9018	0.03624211418226134
9019	0.04993012469661441
9024	0.02591830171966202
9042	0.03281565436914009
9107	0.028155854181596683
9145	0.029413349093829273
9246	0.061847784192070016
9270	0.012324108393518062
9304	0.17940894442155197
9323	0.02048860037910425
9342	0.056311708363193366
9348	0.01906408656248016
9357	0.03534843964351289
9431	0.014155529888161452
9500	0.09543150172818063
9530	0.027871764926789715
9537	0.026831842149007183
9548	0.036141537954500376
9555	0.023861093845923928
9572	0.03803330022760547
9576	0.026831842149007183
9604	0.021736596902940743
9637	0.02265411906832434
9652	0.03135415044464076
9663	0.024913147926582137
9676	0.024195703235363894
9690	0.14979037408984322
9823	0.023385516445289217
9851	0.04224579229299096
9907	0.03135415044464076
9935	0.02369920649248794
9993	0.06563130873828019
10044	0.03665648205418075
10114	0.039811795967550245
10205	0.040566085501978266
10221	0.018167870586823842
10231	0.0630911366047444
10246	0.03337350004006206
10331	0.060543941898972456
10359	0.014620336270391712
10368	0.009402690411926337
10425	0.06596260759976631
10426	0.08228750976901313
10429	0.02070065586119664
10435	0.022794823572550922
10443	0.022380362652209336
10475	0.012686075807874581
10625	0.030923892096035008
10627	0.018643447987458553
10649	0.03243320459572905
10654	0.04224579229299096
10723	0.047722187691847856
10792	0.03803330022760547
10823	0.03534843964351289
10914	0.02636122192458398
10938	0.0322963124742676
11023	0.030516902612341662
11069	0.0692619899045893
11070	0.04441131098221105
11125	0.02161419629054181
11132	0.03702814643452559
11146	0.02875837340681492
11159	0.016396550432076433
11162	0.047463438151456344
11182	0.049144852182221734
11196	0.01658090589466758
11257	0.04224579229299096
11382	0.022794823572550922
11384	0.02529925675387629
11434	0.030130793785047513
11438	0.025103727012351394
11456	0.025706246237569626
11498	0.03153387761040531
11535	0.07228307590900075
11609	0.08449158458598192
11645	0.01466843529542064
11694	0.024913147926582137
11698	0.04441131098221105
11704	0.01670636666232451
11732	0.0409772007582085
11733	0.014021506078231934
11755	0.03463099495229465
11759	0.07405629286905117
11760	0.03463099495229465
11801	0.03680380820879643
11858	0.047463438151456344
11884	0.017577177714085544
11937	0.03534843964351289
11956	0.006239513172509025
11969	0.022515996444351198
12000	0.020692901601158546
12025	0.024437654702787165
12202	0.021646419630375714
12211	0.028583966529165082
12239	0.05574352985357943
12271	0.04224579229299096
12313	0.04224579229299096
12331	0.03281565436914009
12460	0.021258501532118612
12466	0.02529925675387629
12624	0.036141537954500376
12676	0.04224579229299096
12703	0.02875837340681492
12730	0.056426680764274664
12738	0.030966020005462527
12788	0.021736596902940743
12845	0.31068561918345
12848	0.1700680122569489
12866	0.020593881421228734
12883	0.01809144889687331
12908	0.010211787606311895
12934	0.036141537954500376
12944	0.012395122805163292
12977	0.0322963124742676
12994	0.027435525677756208
12996	0.008046268917091808
13035	0.014525050544840254
13042	0.016898567873260075
13070	0.028311059776322905
13091	0.024026539446556933
13093	0.0491896512962293
13103	0.030646821964869984
13110	0.044443813167658275
13118	0.038478303873394626
13127	0.04441131098221105
13161	0.017577177714085544
13162	0.06944913414381589
13164	0.024727274981513295
13181	0.018643447987458553
13193	0.011301305186009993
13197	0.022938208323131308
13283	0.023543027441803137
13309	0.018808893588091555
