The document has 335 terms

t_index   tfidf
27	0.03703593065474278
42	0.09627294236566795
79	0.015968602638908053
113	0.02218519261991424
122	0.022428236564513055
194	0.02895759604811955
206	0.02719514022763471
223	0.0490751597773738
366	0.03330178933322236
510	0.0299921262755019
512	0.032447325871584276
574	0.013588204245647759
594	0.029852700566582516
712	0.030862367520177562
714	0.03337761220755219
715	0.02841266930832361
737	0.02719514022763471
796	0.0305112739429159
822	0.03443228386963912
904	0.06323031277413471
992	0.03388735712984318
993	0.02556925792472202
1031	0.020765131802055765
1092	0.06579756091144692
1129	0.017529388653251675
1165	0.07770460005814353
1384	0.05527636349363048
1404	0.04980167567211091
1476	0.023070729232942455
1502	0.030862367520177562
1507	0.03337761220755219
1597	0.07894197763224116
1668	0.012121353589903313
1864	0.05527636349363048
1887	0.032046524814051125
1898	0.03990697169115869
1935	0.04980167567211091
1959	0.027176408491295517
1968	0.02815368528773826
1972	0.05527636349363048
1990	0.032447325871584276
1996	0.035017611234456125
2012	0.05527636349363048
2037	0.026545598647563395
2038	0.012784293485266471
2067	0.04980167567211091
2076	0.013959472303790115
2080	0.023482908226599975
2106	0.07720384395657054
2145	0.05527636349363048
2241	0.05617908488437551
2276	0.06321273247813147
2288	0.030862367520177562
2311	0.03708984420858693
2316	0.0245375798886869
2332	0.01647471699116475
2339	0.02194940481268432
2361	0.018008220405080405
2393	0.01677056824351777
2428	0.02538767969865799
2433	0.0246495093157447
2465	0.020967663539225342
2544	0.0851364667123077
2602	0.0245375798886869
2703	0.02406823559141699
2714	0.09960335134422182
2746	0.006850066836352781
2787	0.11055272698726096
2812	0.046411492561824925
2869	0.01866986048887632
2995	0.025036586121396334
3053	0.057431703100253986
3105	0.02028042114785623
3143	0.03764946835181493
3302	0.03895302077494989
3324	0.05217311002340728
3388	0.038852300029071765
3513	0.03564981295032802
3531	0.05527636349363048
3533	0.06112503827138526
3534	0.1069450318189365
3535	0.07129962590065604
3557	0.02675623259604753
3678	0.04875602549012589
3705	0.024378012745062946
3710	0.035017611234456125
3748	0.03990697169115869
3757	0.038852300029071765
3770	0.031615156387067356
3772	0.01991299187713842
3801	0.06384463432358388
3872	0.04432698785059134
3874	0.05228093713109557
3881	0.08512906406021299
3920	0.013959472303790115
3927	0.025036586121396334
3932	0.02719514022763471
3942	0.06404057293816592
3993	0.025210182229579863
3995	0.018295463149801384
4056	0.030862367520177562
4083	0.03673787256800776
4099	0.03519208282284577
4111	0.020665780744028212
4321	0.02486672355380254
4365	0.017354349800526636
4378	0.04137691851105555
4415	0.03388735712984318
4445	0.16582909048089142
4456	0.02742409263420389
4494	0.06728470969353917
4511	0.06199734223208464
4751	0.09606085940724889
4764	0.07333439628797248
4787	0.05340018541755157
4813	0.06353628756987188
4870	0.019143901033417995
4924	0.04561485603808708
4926	0.038852300029071765
4940	0.041331561488056424
4953	0.02765988044143381
4995	0.18639675437346864
5080	0.10536174533677124
5086	0.026972638050064703
5132	0.09960335134422182
5205	0.023482908226599975
5232	0.009891098272160757
5278	0.016416853692291292
5301	0.038852300029071765
5324	0.03633705534169713
5335	0.05527636349363048
5343	0.029852700566582516
5402	0.025641550656563625
5610	0.025945438780790094
5621	0.030862367520177562
5654	0.04659918859336716
5662	0.02765988044143381
5688	0.016416853692291292
5691	0.02815368528773826
5696	0.032447325871584276
5704	0.023070729232942455
5731	0.010412627942410971
5743	0.0772653269081274
5780	0.0579151920962391
5783	0.04980167567211091
5806	0.015044370964003604
5807	0.04659918859336716
5880	0.0245375798886869
5901	0.012784293485266471
5903	0.06579756091144692
5937	0.05484818526840778
6131	0.018746917733940573
6224	0.036215534236518306
6232	0.04432698785059134
6278	0.021720452406115136
6287	0.061724735040355125
6331	0.05339832743817577
6367	0.011761534209908619
6369	0.03337761220755219
6476	0.03017512512880845
6594	0.03067845006984017
6601	0.06921218769882737
6605	0.04088581461200648
6623	0.02218519261991424
6659	0.035462116918785785
6679	0.038852300029071765
6706	0.03630645003992678
6753	0.015191092922508642
6759	0.01285742646119804
6800	0.022428236564513055
6842	0.02267899746621869
6859	0.026972638050064703
6987	0.022531583209538988
7047	0.07129962590065604
7088	0.05531976088286762
7100	0.03990697169115869
7142	0.05527636349363048
7163	0.02634043633419281
7218	0.014665936668556333
7261	0.03289878045572346
7406	0.05527636349363048
7408	0.03017512512880845
7413	0.02719514022763471
7461	0.015648357220017926
7529	0.05445160816996074
7549	0.022652168603810797
7580	0.016359411221133012
7635	0.015648357220017926
7776	0.009425637114089279
7784	0.024700437307288877
7824	0.03912983251755547
7833	0.022552621890632053
7850	0.03564981295032802
7862	0.01394054208445534
7897	0.03708984420858693
7913	0.013588204245647759
7989	0.021834099042652585
7992	0.041731497025346474
8047	0.015968602638908053
8090	0.0220664188783798
8099	0.11055272698726096
8107	0.008698843788945197
8122	0.02556925792472202
8138	0.020865748512673237
8155	0.03337761220755219
8204	0.022234086470681317
8375	0.04980167567211091
8389	0.031615156387067356
8402	0.07981394338231738
8479	0.022937981486804038
8480	0.03792201369310384
8500	0.025945438780790094
8525	0.2988100540326655
8610	0.03232353620090398
8713	0.02742409263420389
8759	0.03708984420858693
8765	0.023523068419817238
8786	0.038852300029071765
8793	0.029852700566582516
8838	0.03707750995357816
8894	0.03615811539156842
8940	0.009642703431175952
8943	0.05527636349363048
8972	0.03202028646908296
9003	0.016953548742993485
9015	0.03289142508637624
9031	0.023205746280912463
9067	0.03564981295032802
9070	0.022552621890632053
9074	0.05694811662351149
9079	0.018903324923543373
9102	0.024221605555460143
9107	0.029542923412936555
9116	0.03733972097775264
9161	0.01906289206716733
9273	0.02742409263420389
9408	0.04432698785059134
9445	0.027902924386032625
9446	0.01851796532737139
9450	0.018903324923543373
9506	0.05527636349363048
9555	0.05007317224279267
9575	0.015544430655196827
9610	0.037806649847086746
9611	0.025945438780790094
9682	0.007934228159220935
9731	0.01964821943198434
9734	0.038852300029071765
9742	0.03443228386963912
9743	0.015914318542267727
9785	0.03017512512880845
9821	0.03202028646908296
9847	0.013428637102023805
10038	0.013588204245647759
10113	0.04359735750852706
10114	0.003213314092050572
10121	0.04980167567211091
10263	0.07131045291396287
10435	0.07175336141520147
10475	0.013311042299960245
10481	0.024512741275746645
10621	0.04783557427680098
10698	0.025945438780790094
10723	0.05007317224279267
10753	0.020470750959270523
10839	0.026545598647563395
10912	0.03708984420858693
10916	0.02742409263420389
10926	0.03990697169115869
10966	0.01939203573228297
10993	0.05180479164158032
11038	0.04535799493243738
11047	0.021281544774527955
11141	0.04742057085902515
11175	0.030382185845017284
11182	0.015469776851328299
11267	0.05527636349363048
11302	0.020567663892577207
11337	0.029244838792840528
11382	0.04783557427680098
11384	0.05309119729512679
11405	0.02634043633419281
11418	0.05527636349363048
11424	0.04432698785059134
11436	0.022552621890632053
11438	0.02634043633419281
11445	0.03289878045572346
11498	0.011029120565224364
11592	0.05630737057547652
11634	0.016189548653539224
11681	0.09960335134422182
11713	0.025755108969375804
11748	0.035017611234456125
11771	0.01807905769578421
11818	0.035326522867858985
11854	0.02970577505184201
11855	0.09942763044581189
11987	0.019631512318033246
12015	0.025945438780790094
12020	0.02742409263420389
12080	0.12898770137127077
12082	0.025945438780790094
12091	0.04875602549012589
12129	0.02634043633419281
12191	0.02742409263420389
12202	0.011356404127893006
12205	0.05527636349363048
12235	0.014304808399345835
12374	0.03443228386963912
12422	0.035017611234456125
12445	0.03564981295032802
12458	0.025391082608385653
12460	0.11152889885466073
12571	0.04659918859336716
12572	0.026140468565547786
12580	0.05527636349363048
12587	0.04432698785059134
12746	0.44887925368528986
12748	0.17647127560705902
12798	0.06176741529685712
12876	0.010199866122250234
12908	0.01071486083201965
12949	0.03796541108234099
13033	0.16582909048089142
13035	0.01524061223813717
13041	0.051422607309175604
13110	0.015544430655196827
13160	0.02280742801904354
13162	0.01457409487826207
13183	0.04895400494135271
13193	0.0474322095040176
13197	0.02406823559141699
13283	0.05558141363091919
13285	0.013833767184039416
13316	0.06028371030960736
