The document has 281 terms

t_index   tfidf
42	0.02715840458709239
87	0.01892377510528117
90	0.0317683933563761
92	0.026658513712275306
109	0.04473790965726442
167	0.04185188362740826
212	0.022991001472604602
218	0.01484616799696427
238	0.017253614722292372
295	0.025033593955224153
360	0.022674552224388193
475	0.046404557831498085
510	0.050764313199658816
559	0.04279089701954914
594	0.033685548611369485
631	0.01589589565972117
712	0.034824848728314074
727	0.027871775948075148
745	0.03236277250689125
766	0.011362617293911925
802	0.025975074101926145
805	0.06599928449291846
944	0.04802947758854924
958	0.062373406565728984
982	0.016813407511463624
1046	0.046404557831498085
1052	0.05210144944200741
1054	0.017657481159780136
1075	0.023559991655975415
1199	0.02825108358200313
1222	0.12474681313145797
1271	0.041002442689455056
1337	0.03333599854823337
1356	0.029953841250174296
1383	0.112391625209176
1390	0.03333599854823337
1445	0.04185188362740826
1470	0.026497925869023588
1668	0.013677638466161362
1719	0.02618517854575027
1855	0.026497925869023588
1887	0.018080521174985233
1959	0.04599846305064633
1968	0.0317683933563761
1974	0.12474681313145797
1984	0.029276625655501563
2076	0.01575175692495881
2126	0.031485436760024084
2238	0.06964969745662815
2241	0.012678406032942199
2261	0.02236895482863221
2268	0.02024111019361217
2320	0.020895524002176858
2331	0.03404936990921613
2346	0.062373406565728984
2361	0.08128132763153043
2404	0.04185188362740826
2409	0.02106692128783596
2444	0.01660119786291201
2445	0.06189025368018352
2544	0.03493356664382877
2546	0.04384062468230605
2555	0.015609912272994549
2579	0.031485436760024084
2602	0.027688008939164066
2607	0.037663030721165065
2639	0.03926295762636225
2672	0.034824848728314074
2719	0.02024111019361217
2746	0.007729560643682402
2761	0.017482149915031615
2871	0.06578116849340837
2945	0.02389429383827957
2953	0.024258115136126208
2954	0.0314084481934045
2965	0.021787506234135525
2989	0.045030707752446525
3021	0.020007584584609293
3023	0.052582151792639066
3091	0.09708831752067376
3093	0.04185188362740826
3097	0.011275666514746045
3160	0.062373406565728984
3178	0.056195812604588
3197	0.0402269638703571
3233	0.031211187916365134
3245	0.0402269638703571
3302	0.021977138583286183
3333	0.12474681313145797
3533	0.022991001472604602
3534	0.024135183750269667
3565	0.015847589936194287
3590	0.049535065757901564
3602	0.03479616224436569
3683	0.05001821864344703
3689	0.025088765385465044
3866	0.062373406565728984
3947	0.024013924952233055
4003	0.034428677543144104
4007	0.04016949713192872
4036	0.016191360867491233
4056	0.034824848728314074
4111	0.02331910174398532
4236	0.03404936990921613
4365	0.01958250954617984
4543	0.5629975866951727
4595	0.048270367500539334
4672	0.028445340358286275
4735	0.02489957061501448
4787	0.015064085556740995
4813	0.030725930933747474
4873	0.03712272080123274
4922	0.015516588025793192
4924	0.051471438808174334
4926	0.04384062468230605
4948	0.05001821864344703
5061	0.017598653327892337
5090	0.062373406565728984
5097	0.02343120868343335
5147	0.046404557831498085
5275	0.026988639755723475
5354	0.018268157245894288
5395	0.02618517854575027
5402	0.01446686036303629
5414	0.062373406565728984
5544	0.02588303489317736
5656	0.03236277250689125
5696	0.03661330305840817
5718	0.03823822281545931
5743	0.02906185901821563
5745	0.03613143521131527
5764	0.045030707752446525
5800	0.03613143521131527
5814	0.05001821864344703
5859	0.048516230272252416
5862	0.02389429383827957
5871	0.03712272080123274
5877	0.08461548826800736
5901	0.014425694543093644
5915	0.01970544093203638
5947	0.01852464643404711
5966	0.03712272080123274
6061	0.050615685597766226
6062	0.09130712729180157
6203	0.02588303489317736
6331	0.02008474856596436
6367	0.013271621154960639
6370	0.05461551580977526
6592	0.048424294241429196
6594	0.023078211831995224
6605	0.015378408759104678
6617	0.01334407996198432
6618	0.035674289666267275
6662	0.024013924952233055
6706	0.02048395395583165
6711	0.09363356374909541
6800	0.025307842798883113
6819	0.014343928977179746
6987	0.012712229163375315
7013	0.044928834317582586
7014	0.022469660806032115
7028	0.03299964224645923
7033	0.06599928449291846
7051	0.035674289666267275
7143	0.052582151792639066
7195	0.04283986628655043
7288	0.03823822281545931
7314	0.03661330305840817
7528	0.01484616799696427
7546	0.14638312827750782
7568	0.029953841250174296
7635	0.388464585515163
7776	0.031907440650967935
7862	0.020973861622441522
8047	0.018018843529711503
8082	0.051471438808174334
8091	0.03951359250937434
8094	0.02389429383827957
8107	0.00981570577380993
8162	0.05001821864344703
8215	0.06319817848858082
8399	0.03823822281545931
8442	0.03404936990921613
8460	0.03404936990921613
8499	0.0317683933563761
8644	0.04096183950226866
8651	0.07677239818570537
8655	0.08252386395068552
8838	0.11156790867382253
8940	0.03264224834045709
9012	0.025735719404087167
9015	0.018557210530638146
9019	0.01970544093203638
9153	0.01899206957105362
9181	0.017197384982633554
9288	0.051181598790470254
9371	0.04185188362740826
9477	0.018142628633100417
9507	0.062373406565728984
9537	0.0317683933563761
9555	0.02825108358200313
9600	0.056195812604588
9631	0.021433426411403497
9682	0.008952919611243396
9713	0.16018985539952255
9716	0.03823822281545931
9739	0.026340180438225357
9772	0.041146449125413376
9783	0.04802947758854924
9789	0.037663030721165065
9790	0.03661330305840817
9847	0.015152766727946552
9877	0.029276625655501563
9941	0.055743551896150295
10038	0.015332821016882109
10044	0.02893372072607258
10113	0.010932202133272643
10114	0.010877633781568412
10141	0.112391625209176
10160	0.062373406565728984
10188	0.062373406565728984
10207	0.03823822281545931
10231	0.02489957061501448
10282	0.030191518913374033
10368	0.02226521503484281
10373	0.022073489620862148
10435	0.05397727951144695
10447	0.025590799395235127
10472	0.01575175692495881
10475	0.04506022108082638
10481	0.013829990623468316
10519	0.04384062468230605
10627	0.022073489620862148
10683	0.04279089701954914
10922	0.08370376725481651
10978	0.026988639755723475
11010	0.046404557831498085
11036	0.028647254767173096
11077	0.03823822281545931
11104	0.051181598790470254
11139	0.027688008939164066
11187	0.02098081062595141
11251	0.052582151792639066
11302	0.023208387473369306
11336	0.03661330305840817
11390	0.029496695705126297
11435	0.0402269638703571
11436	0.05089639641253337
11438	0.029722337736284427
11498	0.012445171454819954
11499	0.03613143521131527
11518	0.02715840458709239
11583	0.062373406565728984
11703	0.037663030721165065
11749	0.04185188362740826
11771	0.08160105656113646
11789	0.04230774413400368
11790	0.015020073693608792
11855	0.014024167894063563
11956	0.007387465523826931
12025	0.01446686036303629
12166	0.022991001472604602
12198	0.03333599854823337
12374	0.07770622758261109
12460	0.0251696635321946
12466	0.05990768250034859
12569	0.04802947758854924
12591	0.011304555953890637
12763	0.05001821864344703
12798	0.017424464379196355
12818	0.02906185901821563
12822	0.05237035709150054
12845	0.015993299734950908
12876	0.023018894744493423
12974	0.04384062468230605
12996	0.00952663013556127
13057	0.034428677543144104
13162	0.032890584246704185
13181	0.022073489620862148
13230	0.028852146185529167
13283	0.02787449897840254
