The document has 263 terms

t_index   tfidf
44	0.08032914849041008
82	0.02490958761411527
87	0.04874291221626145
114	0.025474195027960216
133	0.057993920948708415
166	0.029609535103552298
206	0.03952073398994348
295	0.032240138815549886
351	0.031241419062367222
429	0.02463736845807986
571	0.019923798886917
678	0.05296337337117958
716	0.019746756254912404
745	0.08335840870028147
768	0.026170046644519718
769	0.03189748541756753
803	0.04249941294055808
879	0.03827865452537202
941	0.03189748541756753
1052	0.022366717373277674
1127	0.0723731799143629
1129	0.025474195027960216
1193	0.05510932479050874
1310	0.06771923664045941
1337	0.08586519559855102
1444	0.03798805580350362
1445	0.05389999295559797
1452	0.03277409724880708
1502	0.04485005066550055
1536	0.03689408208945338
1654	0.0148227290749862
1686	0.02402622598179315
1719	0.03372323577409356
1730	0.03589536233627071
1795	0.08032914849041008
1805	0.024284170239502717
1881	0.0275861955416464
1887	0.023285450486320053
1959	0.03949351250982481
1962	0.06441721133831572
2040	0.031083098808715598
2051	0.024548044766737193
2121	0.016862160096712736
2295	0.027020660647181165
2354	0.0897001013310011
2361	0.026170046644519718
2428	0.03689408208945338
2433	0.017910676181405887
2453	0.025094721247179392
2470	0.04653277068012669
2508	0.030322685949324846
2525	0.0723731799143629
2544	0.011247516436650794
2635	0.03454344436451091
2639	0.02528288999268538
2746	0.009954707605358713
2859	0.029889501090607416
2869	0.027131560412417526
2871	0.25415375924086797
2872	0.0723731799143629
2902	0.02528288999268538
2965	0.028059583721361765
2980	0.0398534539936147
3021	0.05153453439609277
3097	0.014521648562466865
3105	0.029472071946663403
3216	0.040549305610174204
3259	0.05510932479050874
3306	0.08032914849041008
3311	0.03888290121508296
3324	0.01895485356394564
3366	0.04653277068012669
3501	0.04485005066550055
3537	0.10779998591119594
3563	0.03062083352803235
3590	0.03189748541756753
3602	0.02987540404075395
3605	0.03003208722745644
3639	0.05180729948836506
3647	0.07730180159413916
3656	0.057993920948708415
3689	0.01615559635953425
3710	0.050888566375322686
3714	0.08032914849041008
3718	0.04653277068012669
3854	0.09188804875910159
3864	0.06771923664045941
3907	0.03770463309713006
3927	0.03638386314017082
3932	0.03952073398994348
3947	0.061853865278071574
4008	0.04850527418622138
4064	0.040549305610174204
4068	0.057993920948708415
4099	0.025571056669537767
4158	0.03062083352803235
4238	0.04924604968169447
4392	0.057993920948708415
4408	0.06441721133831572
4478	0.026068018982416823
4485	0.05003795237266124
4511	0.03003208722745644
4543	0.46140849649098503
4576	0.028938113513406204
4813	0.013190385691494517
4919	0.06771923664045941
4922	0.019983425184176368
4949	0.047153356214461574
5026	0.026587475788463735
5085	0.0232060173913758
5225	0.021862898221434474
5354	0.023527102283650174
5422	0.04167920435014073
5429	0.03172991986626733
5634	0.03689408208945338
5653	0.0250017811733089
5662	0.04019610739159706
5726	0.07227402826720167
5731	0.030263840936558973
5767	0.08032914849041008
5859	0.031241419062367222
5877	0.054487084287328076
5915	0.025378143953552954
5939	0.015693894625501918
6061	0.0977800111023811
6062	0.1567895505536576
6153	0.04850527418622138
6171	0.03888290121508296
6189	0.03277409724880708
6331	0.02586664475745306
6512	0.04850527418622138
6548	0.019923798886917
6601	0.03352702524558494
6618	0.045944024379550794
6627	0.0391973876384144
6692	0.048568340479005434
6844	0.024284170239502717
6987	0.04911528487863484
7013	0.03857514713523373
7087	0.029336235610896943
7198	0.05003795237266124
7206	0.03189748541756753
7218	0.021312946980225372
7237	0.019400658584913164
7382	0.04008672569464739
7396	0.08032914849041008
7397	0.0391973876384144
7423	0.027131560412417526
7472	0.040549305610174204
7529	0.02637686370673562
7546	0.15081853238852025
7549	0.016459380650239403
7568	0.03857680210407952
7776	0.027395195902915902
7857	0.03314438859997007
7860	0.08032914849041008
7862	0.006752927799890831
7936	0.08032914849041008
8082	0.03314438859997007
8106	0.02463736845807986
8119	0.050888566375322686
8215	0.061043513698216215
8316	0.021047547031178546
8337	0.050888566375322686
8399	0.04924604968169447
8411	0.03638386314017082
8442	0.04385133091231789
8479	0.03333411252960013
8496	0.020043362847323696
8570	0.0834613479399573
8610	0.046973461622828346
8628	0.03715795661668786
8639	0.05389999295559797
8651	0.2636619979948486
8655	0.07085361199366606
8705	0.0412900811056473
8765	0.05127656569511793
8805	0.08032914849041008
8838	0.08980344745540411
8870	0.03589536233627071
8871	0.02818104555755366
8892	0.04338277457288021
8920	0.06441721133831572
8940	0.014013044759378503
8971	0.06771923664045941
9015	0.055765189132796336
9062	0.03372323577409356
9074	0.0551723910832928
9079	0.027470837420785855
9150	0.029069292500190066
9255	0.04293259779927551
9270	0.018792041807043535
9294	0.03689408208945338
9338	0.056461242762268556
9431	0.021584629164661886
9477	0.023365437126460338
9571	0.040549305610174204
9579	0.10361459897673012
9613	0.08032914849041008
9631	0.013801786591899177
9643	0.0723731799143629
9713	0.11788828778665361
9772	0.035327654349671805
9847	0.019514868844738683
9852	0.057993920948708415
9869	0.06784571766035208
10038	0.019746756254912404
10039	0.03827865452537202
10044	0.01863150721241656
10051	0.08032914849041008
10113	0.028158618771781118
10114	0.0373574191256487
10231	0.0320675335116286
10412	0.05003795237266124
10485	0.04019610739159706
10753	0.029748664521082886
10811	0.0391973876384144
10836	0.08032914849041008
10879	0.0723731799143629
10916	0.0398534539936147
11014	0.10177713275064537
11141	0.02297096406298861
11146	0.04385133091231789
11182	0.014987406590727857
11187	0.027020660647181165
11292	0.032240138815549886
11365	0.05587878752044708
11416	0.05510932479050874
11436	0.03277409724880708
11438	0.03827865452537202
11453	0.02818104555755366
11456	0.0391973876384144
11468	0.040549305610174204
11498	0.14425042221421994
11518	0.13990651689291336
11526	0.027470837420785855
11577	0.045944024379550794
11634	0.023527102283650174
11635	0.02463736845807986
11697	0.0723731799143629
11733	0.021380267034849767
11771	0.0525459787302646
11789	0.027243542143664038
11889	0.027020660647181165
11932	0.030322685949324846
11956	0.019028263733067853
11999	0.04338277457288021
12025	0.05589452163724968
12420	0.06441721133831572
12458	0.012299675764164606
12550	0.04167920435014073
12591	0.01455885454775172
12632	0.06771923664045941
12741	0.0412900811056473
12798	0.02244053136663831
12815	0.08032914849041008
12876	0.0296454581499724
12908	0.015571133707603
12928	0.02648168668558979
12983	0.05003795237266124
12996	0.012269108405459314
13181	0.0568557891282473
13227	0.08499882588111617
