The document has 239 terms

t_index   tfidf
23	0.06078805311663235
42	0.03666179420672041
106	0.050367606717441
107	0.02953880107106226
138	0.02711289303676811
210	0.026905456083417857
238	0.02329107625752643
282	0.04877470758132298
366	0.025363374531815353
466	0.059181530890097415
573	0.0882344617046997
596	0.033612539013327065
678	0.027757567526523644
716	0.02069814988309634
739	0.10860672365689228
758	0.05649688072770271
879	0.04012291023708332
982	0.022696829783291773
1051	0.06752081598211161
1062	0.07098193201247452
1150	0.059181530890097415
1191	0.07098193201247452
1257	0.042884930732019017
1327	0.07332358841344082
1685	0.07680251502477192
1771	0.04510548737384864
1779	0.037878086163076446
1806	0.04942519276679487
1852	0.057764477858809046
1907	0.06483616581971689
1943	0.05430336182844614
2016	0.07098193201247452
2051	0.025730763238265283
2066	0.041085907674780674
2216	0.04177358313792488
2258	0.2067716074974358
2262	0.031630361349540614
2295	0.02832250911470622
2388	0.04942519276679487
2419	0.0404354224893088
2453	0.052607556901344395
2544	0.011789418880403378
2555	0.08428880857154285
2658	0.05649688072770271
2746	0.010434322852739729
2747	0.04368729767618437
2871	0.04439980364548235
2903	0.023677959922608138
2960	0.06066468873190577
3021	0.02700872749215599
3192	0.03241698428459315
3497	0.04239903195809615
3551	0.08500592141213807
3563	0.03209613739729461
3682	0.05649688072770271
3772	0.030332344365952887
3775	0.038948217391930745
3804	0.04177358313792488
3920	0.02126368170579454
3955	0.04454702370514359
3989	0.02185711381340982
4007	0.02711289303676811
4030	0.03939487507826384
4065	0.03209613739729461
4072	0.03737672006712472
4083	0.027980371028139082
4094	0.049838748275023076
4099	0.026803063590941704
4280	0.08419938616613999
4372	0.08419938616613999
4378	0.04201809380940583
4398	0.029411487234899898
4422	0.05649688072770271
4450	0.06078805311663235
4478	0.08197190826000662
4480	0.03981831054367433
4510	0.07811667371640407
4535	0.06752081598211161
4718	0.04942519276679487
4735	0.033612539013327065
4736	0.02711289303676811
4771	0.04213274548832999
4785	0.03241698428459315
4813	0.013825895075323294
4871	0.04368729767618437
5129	0.050842245798083226
5168	0.020216843892245224
5186	0.06549324516553297
5207	0.042884930732019017
5232	0.015066555583398143
5278	0.025006873034068844
5299	0.04500107929873459
5369	0.01495179116551224
5402	0.039058336858202036
5440	0.015860972497375444
5544	0.06988028296404611
5545	0.042884930732019017
5571	0.032746622582766484
5631	0.04596407673643195
5634	0.03867162945796708
5704	0.03514234868295589
5831	0.08655885314807449
5848	0.029929031341241155
5859	0.032746622582766484
5894	0.059181530890097415
5901	0.019473597682511383
5913	0.05011286822993907
5914	0.05244876802461816
5939	0.016450022424688085
6036	0.03598697929557237
6150	0.026905456083417857
6189	0.03435314480930142
6194	0.0919281534728639
6326	0.011217765262072925
6421	0.07098193201247452
6568	0.026803063590941704
6579	0.06549324516553297
6605	0.02075968989066023
6615	0.05244876802461816
6656	0.05430336182844614
6659	0.02700872749215599
6662	0.09725095285377947
6706	0.013825895075323294
6844	0.025454175304301614
7013	0.020216843892245224
7077	0.07098193201247452
7085	0.05011286822993907
7162	0.05011286822993907
7206	0.03343429804591069
7208	0.029797543199162817
7237	0.061006131949608196
7591	0.06326072269908123
7695	0.06752081598211161
7776	0.014357544691277584
7787	0.027868453521115208
7824	0.019868093524529607
7862	0.007078282121252043
7876	0.03534801258417018
8010	0.06617109535639014
8082	0.06948255340469976
8107	0.013250461157212776
8204	0.03386793765859737
8245	0.02711289303676811
8316	0.022061612423786178
8395	0.04942519276679487
8478	0.1496451567062058
8556	0.05334036439074878
8605	0.04454702370514359
8754	0.05535019964199546
8765	0.01791568580593179
8868	0.5466188098248776
8894	0.027538815222941875
8896	0.018463778498927514
8955	0.046476113383191194
9015	0.041751386840078904
9018	0.01930840911154399
9019	0.026600856390008865
9021	0.0648339685691863
9057	0.12287803300391602
9059	0.20256244794633485
9079	0.028794375289265428
9116	0.028438752002055954
9144	0.03474127670234988
9153	0.02563785895231151
9159	0.038136828291177004
9185	0.04177358313792488
9227	0.23040424184958175
9270	0.01969743753913192
9276	0.03209613739729461
9288	0.03454564564000483
9294	0.07734325891593416
9395	0.0362077386131294
9437	0.03840125751238596
9489	0.11856369781301299
9610	0.028794375289265428
9614	0.023677959922608138
9631	0.028933506227137636
9641	0.05334036439074878
9717	0.04142483277020926
9772	0.03702973163330672
9847	0.020455090197251242
10063	0.07747317156612199
10064	0.09408684154238371
10113	0.03689411721066242
10114	0.05873593492976626
10215	0.033612539013327065
10275	0.06264264692046033
10276	0.05430336182844614
10358	0.031181947512323477
10368	0.060112716043985895
10379	0.0758601010741258
10441	0.058822974469799796
10447	0.03454564564000483
10475	0.06082789388003021
10487	0.02563785895231151
10518	0.05011286822993907
10609	0.06078805311663235
10676	0.059181530890097415
10693	0.025363374531815353
10916	0.04177358313792488
10932	0.04877470758132298
10966	0.05907760214212452
10992	0.02966747657835355
11003	0.04368729767618437
11027	0.027538815222941875
11074	0.021458258107148628
11104	0.03454564564000483
11158	0.06483616581971689
11182	0.015709495978440492
11289	0.04942519276679487
11384	0.0404354224893088
11448	0.058822974469799796
11498	0.016800041154140872
11713	0.07846262774190539
11774	0.05161871166605143
11929	0.03872644069284617
11956	0.009972520288342208
11987	0.01495179116551224
12042	0.03416367561405485
12108	0.047570598962966885
12122	0.03308554767819507
12147	0.062363895024646954
12311	0.06264264692046033
12393	0.047570598962966885
12458	0.012892270973205255
12588	0.05430336182844614
12602	0.06264264692046033
12610	0.04012291023708332
12703	0.0919281534728639
12798	0.023521710385595928
12817	0.031630361349540614
12876	0.015536884342423118
12944	0.019810938807791306
12994	0.021924894529290428
12996	0.012860230887033882
13070	0.022624571036069945
13093	0.02620636054799064
13236	0.03952123260433767
13283	0.00940711688240448
