The document has 243 terms

t_index   tfidf
42	0.04045821508064886
82	0.028813452743835413
87	0.028190984521645
109	0.03332331185670035
218	0.022116522199175787
479	0.09291844408814699
482	0.11575993937940349
494	0.08371560507898274
574	0.04568299058251298
662	0.027693664576686244
741	0.067082808698866
762	0.06234727463087888
769	0.0368965035858505
802	0.019347696426375963
941	0.0368965035858505
1012	0.035419773040997735
1054	0.02630457058896674
1071	0.12710442069444305
1158	0.035419773040997735
1238	0.06374613462874862
1362	0.05886389309897737
1464	0.02870766023030337
1493	0.07458571619950398
1654	0.017145767740240427
1771	0.02488813694167405
1827	0.06849996504877441
1851	0.04045821508064886
2018	0.042981403129521416
2026	0.05382545105932624
2040	0.035954485177803044
2062	0.03995714088988519
2242	0.05530218160417901
2253	0.034410916497257284
2316	0.041247173309585
2321	0.067082808698866
2322	0.05610708805148997
2348	0.029691583639579
2359	0.09642245416081678
2409	0.03138365620178791
2544	0.013010242817079262
2555	0.023254281602058134
2612	0.08371560507898274
2629	0.03507489936011393
2631	0.031128323521062956
2686	0.06530992706065422
2746	0.02302964638428357
2779	0.03138365620178791
2834	0.02520807748809303
2874	0.03190954237921707
2899	0.054054601698891626
2936	0.04534045661042011
2953	0.036137617601255854
2978	0.023972126162316254
2980	0.046099342595014754
3021	0.029805549062079877
3104	0.03087780872670153
3496	0.04794425232463251
3512	0.046099342595014754
3517	0.05720540805994246
3533	0.034249982524387206
3602	0.01727875940514296
3605	0.03473875760338611
3689	0.018687523834804078
3762	0.067082808698866
3833	0.04045821508064886
3843	0.037701410033161464
3901	0.04966105408981311
3969	0.052496653969166814
4025	0.0477611199011797
4030	0.021737156670574607
4160	0.032739618294161846
4169	0.06812011011015844
4273	0.04534045661042011
4336	0.021551462871556674
4365	0.014586154729699185
4378	0.02318458648033382
4478	0.06030687016670222
4576	0.03347333481112267
4654	0.05610708805148997
4672	0.021187689699651437
4676	0.07451276606981848
4735	0.03709320185313259
4768	0.04534045661042011
4787	0.04488231342849829
4813	0.030515202474044566
5009	0.04649569710891625
5086	0.18136182644168045
5110	0.05696395891034395
5112	0.06912945034928356
5225	0.0252892819626456
5232	0.016626735256888615
5369	0.016500086695275605
5402	0.04310292574311335
5440	0.017503416037653766
5622	0.04966105408981311
5688	0.027596397546778447
5716	0.04966105408981311
5762	0.08360091424811829
5859	0.036137617601255854
5988	0.043941596612550364
6010	0.10628887124342924
6120	0.08143205374895965
6183	0.18583688817629399
6187	0.05886389309897737
6225	0.0632879914468268
6249	0.07833228935844781
6278	0.03651163924159788
6326	0.012379393030742156
6401	0.041800457124059144
6409	0.18830193721072747
6499	0.04020531428750294
6594	0.05156985133173474
6617	0.019878842861481144
6692	0.08427005727176322
6697	0.0691476503387005
6706	0.030515202474044566
6724	0.025872060350949674
6759	0.02161307268141756
6924	0.12216370367723087
7013	0.022310348856151314
7132	0.03749556265087351
7218	0.02465314159992788
7318	0.057626905487670826
7382	0.02318458648033382
7386	0.44624580550349335
7412	0.02465314159992788
7472	0.046904249042325714
7481	0.134165617397732
7489	0.08371560507898274
7518	0.03051068238134732
7528	0.022116522199175787
7549	0.019038917621010017
7591	0.03490576471360411
7635	0.02630457058896674
7703	0.039008388071244134
7723	0.07155011364004313
7776	0.03168860901211739
7801	0.11248668795262054
7806	0.024046092315740588
7862	0.03905628006752487
7989	0.03670267692887497
8064	0.06374613462874862
8108	0.021028833974408027
8207	0.05610708805148997
8215	0.07061033785499278
8240	0.05610708805148997
8258	0.05530218160417901
8286	0.042085992649409903
8610	0.010867041539593975
8707	0.03855828089201544
8715	0.041800457124059144
8758	0.021551462871556674
8789	0.0368965035858505
8832	0.043599272538348846
8838	0.08310205466504096
8913	0.05886389309897737
8940	0.016209188575358264
9003	0.02849857102399721
9015	0.01842993912591046
9017	0.05314443562171462
9021	0.03577384442935062
9054	0.043941596612550364
9116	0.03138365620178791
9144	0.038338823164916304
9153	0.05658544728341851
9270	0.021737156670574607
9328	0.07833228935844781
9335	0.05992661134011929
9411	0.08371560507898274
9439	0.039008388071244134
9476	0.028292723641709254
9566	0.03015343508335111
9604	0.038338823164916304
9631	0.047894465204334456
9682	0.02667455270208301
9710	0.03190954237921707
9794	0.0955222398023594
9921	0.036137617601255854
9950	0.038781427156490876
10038	0.02284149529125649
10063	0.02849857102399721
10064	0.051914885151514344
10113	0.06514335314428361
10165	0.08091643016129772
10239	0.06912945034928356
10248	0.033028257709696376
10451	0.206235866547925
10454	0.036137617601255854
10693	0.027989815670045253
10753	0.034410916497257284
10831	0.05741532046060674
10992	0.032739618294161846
11046	0.03923929632962707
11047	0.03577384442935062
11066	0.09291844408814699
11141	0.053142010840372726
11159	0.028920095005532526
11182	0.00866812687235895
11283	0.05018178319193927
11335	0.024270495801958412
11365	0.032318094312626534
11453	0.06519523622978979
11498	0.05561918283748828
11634	0.027214302394359964
11637	0.05696395891034395
11645	0.05174412070189935
11782	0.048677130680537486
11818	0.029691583639579
11855	0.020891978362190672
11956	0.03301559943685931
11987	0.09900052017165363
12022	0.06251075214296921
12051	0.03559562846224009
12105	0.04915997989904944
12118	0.05886389309897737
12174	0.03709320185313259
12180	0.07540282006632293
12235	0.024046092315740588
12245	0.038781427156490876
12471	0.04732577302386103
12542	0.07833228935844781
12562	0.07155011364004313
12568	0.04267617382028692
12679	0.042085992649409903
12738	0.13654400116216814
12798	0.025957442575757172
12828	0.067082808698866
12831	0.032044334300420745
12845	0.02382541870053212
12876	0.034291535480480854
12908	0.01801146338519571
12909	0.06955375944100146
12944	0.02186241128068603
12996	0.014191940096566383
13041	0.057626905487670826
13193	0.0199331451465878
13197	0.04045821508064886
13200	0.048677130680537486
13210	0.031776105173610764
13283	0.031143742390602136
13298	0.11127960555939778
13328	0.07119125692448018
13329	0.17037149039893343
