The document has 282 terms

t_index   tfidf
63	0.0994237794773641
87	0.019004986265152464
157	0.02514102533133913
208	0.11271931463193648
228	0.027104461188060147
405	0.04660370244951664
430	0.02088409985458841
467	0.05023287124463951
481	0.027991387349067982
489	0.04039959741603376
501	0.044028766211156624
504	0.03539068268028899
551	0.04660370244951664
612	0.04522395650889474
633	0.034974299159944884
768	0.020407536374963186
796	0.03457642781076027
797	0.21925996698550607
831	0.01688556205345105
870	0.03901985147541186
881	0.059699781603160765
967	0.05023287124463951
1031	0.16472234409307032
1075	0.011830549542515993
1118	0.021975723624501228
1129	0.01986490772131924
1220	0.27134373905336845
1227	0.020650554874716773
1356	0.0300823878100966
1423	0.06321254858921241
1451	0.04660370244951664
1482	0.06679811948242677
1483	0.0278068317061842
1713	0.06269026072964404
1743	0.032501656967170105
1760	0.0160619347939927
1774	0.034974299159944884
1825	0.04660370244951664
1879	0.16063751047531052
1883	0.052807807482999534
2005	0.052807807482999534
2095	0.041178404193427776
2173	0.04522395650889474
2248	0.019282547468977305
2323	0.052807807482999534
2425	0.033830109749853246
2433	0.013966836996401364
2527	0.026937154792305143
2544	0.008770870909281098
2555	0.01567690202922058
2649	0.04522395650889474
2735	0.03901985147541186
2764	0.052807807482999534
2782	0.04660370244951664
2806	0.026937154792305143
2810	0.11508077650584798
2812	0.026297551933687217
2889	0.029186577646806103
2899	0.0728819500480345
2902	0.059147181225750786
2933	0.04522395650889474
2945	0.0239968359212475
2978	0.016160837806551986
3021	0.020093446900204325
3048	0.04039959741603376
3309	0.2578472019263627
3318	0.03782466117767373
3393	0.0564369762781224
3396	0.027991387349067982
3417	0.05489751739084807
3496	0.016160837806551986
3598	0.04522395650889474
3687	0.038402321702123515
3689	0.012598216764564301
3790	0.05635965731596824
3834	0.025700622011988833
4030	0.01465413042423364
4065	0.023878282776613708
4099	0.03988088185078694
4107	0.0300823878100966
4125	0.04039959741603376
4169	0.015307751502733382
4171	0.04823559553072927
4175	0.028975964833947206
4181	0.026453219014973738
4207	0.1134739835330212
4324	0.028569047873517765
4336	0.014528944725339365
4365	0.009833273828605753
4376	0.038402321702123515
4398	0.02188100706270347
4434	0.027104461188060147
4438	0.04203149049724638
4494	0.05083290222141591
4595	0.048477519218963545
4603	0.044028766211156624
4608	0.2116257521197899
4649	0.020985196899412972
4703	0.025557408851683238
4785	0.024116980430729455
4787	0.030257465807976842
4809	0.01880232179804719
4842	0.02514102533133913
5055	0.038402321702123515
5082	0.04660370244951664
5097	0.023531763441867193
5205	0.026611641408446074
5232	0.011208933655682615
5243	0.04039959741603376
5245	0.052807807482999534
5270	0.04660370244951664
5334	0.020249113981490846
5435	0.03739683717029469
5449	0.03782466117767373
5570	0.0564369762781224
5653	0.03899303395701188
5688	0.018604144737886852
5821	0.025557408851683238
5996	0.041178404193427776
6054	0.0564369762781224
6079	0.0564369762781224
6088	0.044028766211156624
6092	0.028770194126461996
6125	0.041178404193427776
6157	0.03968316463018613
6184	0.03728203252402979
6224	0.010260173071598577
6278	0.04922873138907167
6295	0.025700622011988833
6329	0.03582738546376349
6412	0.06994859831988977
6548	0.01553668039018781
6592	0.01621070217822146
6605	0.015444405020704363
6617	0.02680269185061636
6621	0.030321085464212343
6722	0.05880453190521579
6727	0.05023287124463951
6741	0.0564369762781224
6742	0.02169452882684377
6771	0.08805753242231325
6831	0.05023287124463951
6836	0.04660370244951664
6840	0.023531763441867193
6884	0.03582738546376349
7073	0.03968316463018613
7084	0.0564369762781224
7114	0.08805753242231325
7138	0.29537238833443
7206	0.02487382245706401
7229	0.032815746441928965
7246	0.014487602242761173
7423	0.06347198920356567
7461	0.01773325803397217
7518	0.04113762675813773
7528	0.01490988015354877
7534	0.03162055614419084
7582	0.044028766211156624
7634	0.03782466117767373
7736	0.052807807482999534
7824	0.014781091865930084
7855	0.06992395799154684
7862	0.005265967676165042
8108	0.007088306911540163
8132	0.03901985147541186
8204	0.10078573411651441
8286	0.028372322777277383
8484	0.027991387349067982
8515	0.023198160919125004
8539	0.026772918412551756
8665	0.0300823878100966
8739	0.04660370244951664
8745	0.03728203252402979
8759	0.04203149049724638
8760	0.03800997253030493
8779	0.053874309584610286
8821	0.07982056355155803
8933	0.033830109749853246
8940	0.021854888112007972
9074	0.021511856536216272
9192	0.01935330381820035
9223	0.02514102533133913
9245	0.05023287124463951
9260	0.05023287124463951
9273	0.0310779274905469
9276	0.023878282776613708
9288	0.025700622011988833
9311	0.032501656967170105
9332	0.06628251965157607
9385	0.06324111228838168
9431	0.01683180434491781
9446	0.041970393798825945
9501	0.01907357381582723
9631	0.010762703855273574
9710	0.021511856536216272
9743	0.01803465457599888
9760	0.021975723624501228
9763	0.03901985147541186
9845	0.0367704286209109
9866	0.04660370244951664
9967	0.033830109749853246
9998	0.06480818001810393
10022	0.04522395650889474
10044	0.014528944725339365
10064	0.017499241264595698
10109	0.22751159877019073
10114	0.018207191699853884
10157	0.03219821666864063
10163	0.044028766211156624
10175	0.04203149049724638
10181	0.0564369762781224
10207	0.038402321702123515
10282	0.030321085464212343
10285	0.044028766211156624
10345	0.08551940481849696
10356	0.0564369762781224
10372	0.10841784475224059
10391	0.12879286667456252
10419	0.08079919483206752
10472	0.07909677702926138
10475	0.0754226608222978
10481	0.11111473493377151
10553	0.03901985147541186
10627	0.022168217743794495
10641	0.14326969665968226
10646	0.032501656967170105
10649	0.019282547468977305
10693	0.01886936804086894
10765	0.06324111228838168
10795	0.026297551933687217
10817	0.04203149049724638
10837	0.13208629863346985
10922	0.04203149049724638
11009	0.07165477092752698
11033	0.04522395650889474
11039	0.03190472704547172
11091	0.04522395650889474
11098	0.04823559553072927
11133	0.03968316463018613
11376	0.048724437107890234
11388	0.03968316463018613
11396	0.03582738546376349
11526	0.02142189968288747
11666	0.033830109749853246
11761	0.08954967240474115
11797	0.04297453365439378
11807	0.041632624096430426
11818	0.020016616972974632
11866	0.052807807482999534
11941	0.03782466117767373
11955	0.038402321702123515
11956	0.007419168745851153
11976	0.027626004716370358
11987	0.011123553374901413
12055	0.030321085464212343
12058	0.03162055614419084
12066	0.0823462760862721
12129	0.029849890801580382
12248	0.029186577646806103
12306	0.034195492382550874
12323	0.04660370244951664
12610	0.029849890801580382
12650	0.04297453365439378
12738	0.07364104264421178
12781	0.03190472704547172
12792	0.04522395650889474
12825	0.04522395650889474
12838	0.07680464340424703
12876	0.011558840031236665
12928	0.020650554874716773
12973	0.032815746441928965
12996	0.009567513557535452
13035	0.017271187359454397
13056	0.052807807482999534
13110	0.07046193946727314
13118	0.02287654674315377
13161	0.04180071230915452
13162	0.03303173380490063
13283	0.048989713614184395
13285	0.03135380405844116
13329	0.019142691005341456
13330	0.038402321702123515
