The document has 287 terms

t_index   tfidf
6	0.03448550768183817
212	0.052521793300398974
214	0.13784473138451933
244	0.037924606448042276
411	0.06418826203554144
429	0.021851048472993365
473	0.06006064831568914
553	0.038077210931828996
631	0.018156689415191503
657	0.043075589175253365
678	0.09394714705801717
679	0.036760867085750076
682	0.047804267763853665
723	0.07464559125655909
732	0.022765781231699735
768	0.023210391107430183
778	0.0412702285734853
802	0.07417344752084422
831	0.019204694389774808
957	0.03226909393604086
1031	0.026763712331457266
1044	0.05300444605526446
1052	0.01983719269112735
1075	0.02691081146223078
1247	0.054860470024278345
1250	0.026260896650199487
1276	0.054860470024278345
1428	0.048876832335412165
1482	0.0759724471362494
1495	0.022853163296197455
1597	0.025436635803299714
1651	0.03596345299384272
1720	0.02467414438031944
1771	0.019082777387577892
1841	0.02093880135659177
1887	0.04130404658742691
1950	0.05007585751469208
2004	0.037693016355135195
2006	0.029395982088669833
2121	0.044865491003176786
2149	0.05007585751469208
2167	0.05300444605526446
2230	0.04513341319225368
2231	0.19446020767207553
2261	0.02555037942247336
2268	0.02311990208487123
2277	0.05713205977511676
2446	0.06006064831568914
2448	0.0860393105085348
2453	0.06677003325108075
2488	0.03534629749570892
2508	0.026893394951552026
2542	0.07010241175488226
2589	0.05007585751469208
2631	0.023867389897164155
2746	0.017657794807856817
2835	0.030827099036944517
2847	0.016811187636739475
2858	0.031835839273990425
2864	0.026763712331457266
2977	0.040251384168851934
2978	0.05514130062862511
3037	0.047804267763853665
3097	0.01287934818144811
3099	0.03505120587744113
3256	0.038077210931828996
3290	0.025102837111749668
3325	0.03505120587744113
3335	0.0641003237700573
3367	0.06006064831568914
3375	0.023210391107430183
3411	0.058791964177339666
3496	0.018380433542875038
3590	0.028290095235284234
3681	0.03596345299384272
3689	0.014328507517470914
3769	0.06418826203554144
3780	0.05300444605526446
3798	0.07464559125655909
3834	0.029230450831601966
3848	0.0324928380637244
3976	0.029395982088669833
4078	0.04553156246339947
4083	0.023675309707943997
4111	0.026635660982579624
4153	0.03534629749570892
4158	0.027157824052635945
4169	0.034820361735548776
4228	0.06418826203554144
4336	0.033048819147722314
4365	0.011183815980276976
4512	0.04182063007498749
4533	0.03369186324300431
4542	0.05541645110827626
4622	0.03932529619646554
4692	0.022765781231699735
4764	0.015753176245656145
4787	0.01720657512056267
5016	0.04367665404400137
5047	0.04367665404400137
5061	0.020101621792211265
5063	0.06006064831568914
5124	0.0412702285734853
5163	0.07695295150518114
5220	0.03696556781704681
5225	0.01939035208283431
5331	0.024886234301797528
5334	0.02303021033278365
5359	0.021233892974859555
5362	0.114231632795487
5369	0.050605231242431645
5402	0.016524409573861157
5429	0.11256592086475427
5435	0.028355381428869748
5488	0.048876832335412165
5512	0.045948243794839784
5559	0.03932529619646554
5653	0.022174248571177287
5793	0.05007585751469208
5806	0.01939035208283431
5828	0.16458141007283505
5845	0.022174248571177287
5862	0.027292659772313595
5915	0.067524141788182
5972	0.07778408306883021
6036	0.03045002081706524
6048	0.033195181908427254
6068	0.054860470024278345
6153	0.0430196552542674
6164	0.032955642668174405
6182	0.038077210931828996
6194	0.038892041534415105
6224	0.02333869463184096
6225	0.024262777380987352
6277	0.033195181908427254
6286	0.0412702285734853
6320	0.036286653092026645
6326	0.018983598648030908
6327	0.040251384168851934
6347	0.05713205977511676
6531	0.026893394951552026
6533	0.03534629749570892
6592	0.018437146491832198
6612	0.022679142853362887
6666	0.049987919249207945
6692	0.021537794587626682
6747	0.045948243794839784
6767	0.03142027349216589
6844	0.043075589175253365
6857	0.06006064831568914
6877	0.030827099036944517
6987	0.014520225952350899
7014	0.025665408307478977
7087	0.026018505484445818
7161	0.040748065503428986
7163	0.033949597211976705
7246	0.04943216683556828
7272	0.05007585751469208
7276	0.03272161056790366
7304	0.0324928380637244
7360	0.06438289327994426
7464	0.06006064831568914
7528	0.033915328471823186
7529	0.04678763711328112
7598	0.10015171502938416
7601	0.028907250733418044
7607	0.1650809142939412
7683	0.07124446429596612
7685	0.031021008671404324
7692	0.28175968918196354
7807	0.02859399684805136
7833	0.058135136377149906
7834	0.026260896650199487
7836	0.054860470024278345
7855	0.02650920037485822
7864	0.28175968918196354
7999	0.042402499756133596
8082	0.029395982088669833
8106	0.021851048472993365
8107	0.04484697809826843
8204	0.028657015034941828
8296	0.05007585751469208
8484	0.22285087491793298
8493	0.0860393105085348
8511	0.047804267763853665
8539	0.03045002081706524
8541	0.040748065503428986
8571	0.08050276833770387
8596	0.11426411955023352
8610	0.008332216069351353
8707	0.029564249523152012
8808	0.03008641259320833
8832	0.08357347258047579
9019	0.022508047262727333
9057	0.06238320752955703
9118	0.03226909393604086
9187	0.06418826203554144
9380	0.0412702285734853
9381	0.05300444605526446
9392	0.044378997888704225
9446	0.023867389897164155
9476	0.021693216660141228
9658	0.045948243794839784
9682	0.01022624860028647
9710	0.024466383128199067
9799	0.03421402631306062
9847	0.01730786897131653
9855	0.045948243794839784
9876	0.03932529619646554
9906	0.08480499951226719
9908	0.0412702285734853
9909	0.03045002081706524
9937	0.0430196552542674
9951	0.038077210931828996
9970	0.09306302601421297
10001	0.028907250733418044
10044	0.016524409573861157
10076	0.1466304970062365
10113	0.0062435172892109665
10114	0.03313254731443418
10161	0.028907250733418044
10222	0.054860470024278345
10326	0.02072296398504058
10368	0.012715942618271577
10441	0.049772468603595056
10443	0.030266593367854866
10472	0.05397615164676147
10481	0.015796961035772775
10487	0.043386433320282455
10510	0.08735330808800273
10607	0.06418826203554144
10641	0.05431564810527189
10642	0.04182063007498749
10649	0.043861783223538044
10732	0.051435200149128904
10784	0.05007585751469208
10843	0.038077210931828996
10900	0.04683401508875302
10959	0.02303021033278365
10993	0.02225667775036025
10995	0.034764427814562814
10998	0.0412702285734853
11007	0.0412702285734853
11046	0.03008641259320833
11067	0.03932529619646554
11082	0.029735345113787566
11095	0.11196838688483864
11187	0.04792961282195929
11196	0.022423565881539913
11269	0.05713205977511676
11284	0.04513341319225368
11300	0.08532273611496083
11302	0.02650920037485822
11303	0.03226909393604086
11521	0.14138518998283567
11523	0.058791964177339666
11526	0.024364071231741207
11533	0.020794402509852344
11635	0.021851048472993365
11732	0.0831246766624144
11733	0.018962303224021138
11737	0.051435200149128904
11801	0.22397610871617776
11854	0.019143553377103304
11855	0.016018755168620613
11956	0.03375259122301345
11969	0.06090004163413048
12000	0.027984516966773607
12105	0.037693016355135195
12198	0.07615442186365799
12245	0.029735345113787566
12458	0.01090866550062582
12635	0.05300444605526446
12648	0.040251384168851934
12679	0.06453818787208172
12876	0.02629275704267439
12892	0.028440912038320273
12908	0.041430430932980995
12980	0.10917063908925438
12994	0.03710305826702119
12996	0.010881555103754614
12997	0.057498837841131814
13160	0.029395982088669833
13172	0.13313699366611267
13181	0.025212891675616186
13283	0.01591947479365266
13285	0.0356600640827457
