The document has 364 terms

t_index   tfidf
30	0.02018904150239568
32	0.04594865197039029
106	0.03427570591348194
109	0.02054897891684233
238	0.015849831513535476
251	0.04262900470004446
291	0.06726876587547681
303	0.04262900470004446
360	0.06248913717837982
400	0.04027367747843006
421	0.04027367747843006
662	0.017077430117499084
676	0.02751674617986212
716	0.014085316825278473
769	0.02275240460945932
802	0.011930849120422122
861	0.02494875096090308
961	0.03930935742969863
1054	0.03244167739231376
1062	0.048303979192004694
1071	0.09797443274543546
1301	0.051623626462350525
1391	0.033634382937738405
1423	0.01927377646894285
1464	0.01770271536518249
1537	0.030597597870672674
1561	0.041366933381754845
1583	0.02613247471904703
1584	0.048303979192004694
1615	0.04412171824365916
1668	0.012564802719954686
1675	0.01600678055405014
1686	0.03427570591348194
1823	0.048303979192004694
1841	0.016840101687182783
1851	0.02494875096090308
1871	0.024489532051211797
1874	0.02102236263552832
1881	0.01967717123725127
1892	0.041366933381754845
1904	0.014211600936510442
1944	0.051623626462350525
1959	0.014085316825278473
1984	0.026894629988752722
1997	0.035691958889794616
2038	0.013251995692145831
2152	0.14213689550709777
2241	0.011646869523676637
2248	0.035275987249051254
2279	0.02918366326470174
2316	0.025435265809198936
2339	0.02275240460945932
2348	0.018309456420211423
2353	0.027304078182517483
2359	0.0297296827245342
2369	0.0229968185075971
2404	0.07689348750339785
2409	0.019352881022067343
2413	0.029452121989392864
2433	0.012775645038273643
2444	0.030500992781535903
2465	0.021734747189307485
2529	0.026504686884753503
2544	0.008022828178088349
2639	0.018034228569416035
2746	0.007100670546313412
2761	0.016059772697347253
2806	0.02463976117543234
2808	0.04262900470004446
2841	0.019760291317238703
2869	0.019352881022067343
2899	0.016666513752376187
2903	0.016113110068767658
2935	0.04412171824365916
2954	0.01442650192379302
3012	0.03512709648135309
3021	0.018379733740613732
3032	0.02102236263552832
3097	0.010358259259761284
3106	0.032372311619448785
3220	0.04594865197039029
3359	0.051623626462350525
3366	0.03319172067182235
3378	0.051623626462350525
3489	0.033634382937738405
3496	0.014782525735126567
3512	0.028427379101419552
3548	0.034598702986469825
3602	0.0639301755333928
3654	0.01888932755431661
3689	0.011523750548586738
3702	0.02631646577794293
3775	0.026504686884753503
3801	0.02206011149534985
3812	0.05087053161839787
3832	0.07580958312314197
3843	0.023248754002549363
3869	0.027735085987310084
3929	0.018239777211914915
3964	0.02867179299955733
3976	0.023641817845125233
3989	0.0446220132746463
4030	0.013404321156809708
4093	0.03512709648135309
4094	0.11870534190633426
4173	0.02337768985714272
4279	0.02867179299955733
4285	0.07630579742759681
4310	0.02631646577794293
4378	0.04289065692169129
4385	0.05729860095431076
4478	0.018594259312000764
4510	0.05315924876604748
4550	0.048303979192004694
4564	0.04262900470004446
4576	0.020641491285982697
4641	0.041282982571965395
4669	0.021734747189307485
4672	0.01306548973304379
4692	0.018309456420211423
4746	0.051623626462350525
4765	0.03319172067182235
4809	0.01719872504054697
4813	0.06586070713577105
4851	0.03629869994482354
4877	0.09660795838400939
4954	0.031991440269903165
5009	0.02867179299955733
5032	0.051623626462350525
5077	0.03162750224088547
5085	0.0165528000138826
5086	0.0838782253373345
5088	0.048303979192004694
5144	0.04594865197039029
5192	0.021120414796176292
5232	0.01025295546009857
5388	0.04412171824365916
5435	0.011402455625538854
5608	0.051623626462350525
5622	0.03062372545286331
5688	0.017017449940394412
5716	0.06124745090572662
5731	0.010793564837648229
5754	0.019929106732203532
5761	0.02152480600549571
5806	0.015594756130699392
5853	0.035691958889794616
5862	0.04390042754140299
5863	0.04594865197039029
5892	0.06719682875734732
5897	0.031991440269903165
5898	0.051623626462350525
5901	0.013251995692145831
5913	0.034102353593379785
5915	0.03620434601094479
6010	0.032771769259738695
6150	0.018309456420211423
6277	0.026697337127488553
6401	0.051552901815426974
6409	0.3096460963530775
6414	0.04594865197039029
6526	0.018594259312000764
6527	0.02918366326470174
6568	0.03647955442382983
6579	0.022284433953817934
6594	0.04240105914712412
6595	0.028427379101419552
6617	0.012258383098547338
6623	0.0459936370151942
6627	0.05591881689155633
6628	0.0663834413436447
6659	0.036759467481227465
6666	0.02010147641575325
6697	0.021320113905086504
6706	0.018817344895934583
6776	0.10324725292470105
6797	0.026731946552263994
6800	0.023248754002549363
6825	0.03162750224088547
6973	0.018309456420211423
6978	0.025604081224163765
6984	0.014002196745291039
6987	0.023355881494284417
7023	0.03031473566739257
7090	0.15066565904745358
7091	0.038446743751698924
7218	0.06080990858884091
7237	0.027676892271314743
7246	0.026503991384291662
7264	0.051623626462350525
7278	0.021320113905086504
7363	0.051623626462350525
7367	0.022271878160654127
7386	0.4299681260136743
7412	0.09121486288326136
7413	0.028190050671103247
7430	0.03930935742969863
7482	0.051623626462350525
7501	0.031279055716124
7528	0.04091477614882005
7544	0.041366933381754845
7545	0.09488250672265641
7580	0.016957905986619178
7591	0.02152480600549571
7624	0.033915811973238355
7776	0.01954093162451166
7815	0.03512709648135309
7833	0.04675537971428544
7855	0.021320113905086504
7856	0.03512709648135309
7862	0.04335163390819071
7869	0.028427379101419552
7913	0.028170633650556946
7926	0.051623626462350525
7928	0.051623626462350525
7989	0.045265760957158827
8003	0.026504686884753503
8010	0.022515076179143015
8016	0.04262900470004446
8094	0.021950213770701495
8106	0.01757377951058913
8107	0.009017083388347173
8168	0.025435265809198936
8211	0.03162750224088547
8215	0.07257033505217723
8237	0.01738410482941935
8240	0.034598702986469825
8425	0.031279055716124
8459	0.10324725292470105
8466	0.051623626462350525
8472	0.038446743751698924
8476	0.051623626462350525
8477	0.051623626462350525
8487	0.16838295762801778
8496	0.14296885640563764
8515	0.02121965549679249
8518	0.04412171824365916
8559	0.11792807228909588
8610	0.013402425812047007
8644	0.018814557559251564
8767	0.017767952822355958
8838	0.07686791651749544
8870	0.025604081224163765
8871	0.02010147641575325
8897	0.022632880478579413
8940	0.009995473310891378
9015	0.028412274278559798
9018	0.026279166134582664
9021	0.02206011149534985
9074	0.03935434247450254
9116	0.03870576204413469
9129	0.04412171824365916
9181	0.01579817672038128
9192	0.01770271536518249
9253	0.051623626462350525
9270	0.013404321156809708
9476	0.017446842742211716
9486	0.025776450907713487
9610	0.01959488654908709
9611	0.026894629988752722
9625	0.04027367747843006
9631	0.039379133340630305
9676	0.02631646577794293
9682	0.008224494963892515
9684	0.04503015235828603
9689	0.02312181723417195
9713	0.04204472527105664
9731	0.020367032372267637
9736	0.048303979192004694
9743	0.01649652998099743
9772	0.012599568197061888
9793	0.03512709648135309
9794	0.0883563659681786
9795	0.037666414761863394
10038	0.028170633650556946
10044	0.02657962438302374
10063	0.03514755902117826
10084	0.019513420627617604
10113	0.005021369859975139
10114	0.049963055707115706
10165	0.02494875096090308
10210	0.11471890775368417
10216	0.051623626462350525
10248	0.040734064744535274
10251	0.021421820275818227
10331	0.021950213770701495
10446	0.025776450907713487
10447	0.02350868877274151
10451	0.025435265809198936
10453	0.06248913717837982
10454	0.04456886790763587
10616	0.051623626462350525
10649	0.017637993624525627
10831	0.01770271536518249
10850	0.013598801976982617
10915	0.0838782253373345
10959	0.05556637325266817
10966	0.02010147641575325
11027	0.01874046422500402
11038	0.04701737754548302
11046	0.02419709890951629
11074	0.014602578765004778
11112	0.031991440269903165
11135	0.022873699532507202
11159	0.017833714280781277
11169	0.041366933381754845
11182	0.016035725120713374
11251	0.048303979192004694
11279	0.048303979192004694
11355	0.035691958889794616
11365	0.019929106732203532
11392	0.051623626462350525
11429	0.037666414761863394
11498	0.03429783391322007
11503	0.051552901815426974
11554	0.04412171824365916
11569	0.07533282952372679
11570	0.04412171824365916
11585	0.0297296827245342
11645	0.015954129198597018
11687	0.026504686884753503
11733	0.015250496390767952
11763	0.03094483553300756
11889	0.01927377646894285
11911	0.04262900470004446
11949	0.19321591676801878
11956	0.006786408862684514
12131	0.028427379101419552
12145	0.03647955442382983
12202	0.023543736500502965
12331	0.035691958889794616
12409	0.04027367747843006
12458	0.017546662120099792
12459	0.03162750224088547
12471	0.02918366326470174
12598	0.048303979192004694
12717	0.051623626462350525
12738	0.016840101687182783
12819	0.04594865197039029
12831	0.019760291317238703
12845	0.014692057880307405
12876	0.010573019312197595
12892	0.045747399065014405
12908	0.033320563960341575
12910	0.04594865197039029
12996	0.008751527431832789
12998	0.038446743751698924
13006	0.025435265809198936
13041	0.017767952822355958
13093	0.08916857140390638
13110	0.016113110068767658
13124	0.034598702986469825
13135	0.021950213770701495
13162	0.030214550810529664
13183	0.020297977775424008
13193	0.01229186886120477
13209	0.025604081224163765
13213	0.10324725292470105
13283	0.0064016456760371725
13285	0.01433986346921052
13324	0.051623626462350525
13328	0.10975106885350748
13329	0.052530195367342325
13330	0.17563548240676546
