17	1
18	1
20	1
21	1
22	1
23	1
24	1
25	1
26	1
27	1
28	1
30	1
32	1
33	1
34	1
35	1
36	1
37	1
38	1
39	1
40	1
41	1
42	1
43	1
45	1
46	1
47	1
48	1
49	1
50	1
51	1
52	1
53	1
54	1
55	1
56	12
57	12
58	1
59	6
60	1
61	1
62	1
63	1
64	1
65	1
66	1
67	1
68	1
69	1
71	12
72	1
73	1
74	1
75	1
76	12
77	1
78	6
79	1
80	6
81	1
82	1
84	1
85	1
87	13
88	1
89	1
90	1
91	1
93	1
94	1
95	1
96	12
97	1
98	1
99	1
101	1
103	12
104	1
105	1
106	1
107	1
108	1
109	1
110	1
111	1
112	1
114	1
116	1
117	1
118	1
119	12
120	1
121	1
122	1
123	1
124	1
125	1
126	1
127	1
128	1
129	1
144	1
146	1
147	1
148	1
149	1
150	1
151	1
152	1
153	1
154	10
155	1
156	1
157	1
158	1
159	1
160	1
161	1
162	1
163	1
164	1
165	6
166	1
167	13
168	1
170	1
171	1
172	1
173	13
174	1
175	1
176	1
177	1
178	1
179	1
180	6
181	1
182	1
183	1
184	1
185	1
186	13
187	1
188	1
189	1
190	10
191	1
192	1
193	1
194	1
195	1
196	1
197	13
198	1
199	13
200	1
201	13
202	13
203	1
204	1
205	1
206	1
207	1
208	1
209	1
210	1
211	1
212	1
213	1
214	1
215	1
216	1
217	1
218	1
219	1
220	1
221	1
222	1
223	1
224	1
225	1
226	1
227	1
228	1
229	1
230	1
231	1
232	1
233	1
234	1
235	1
236	1
237	1
238	1
239	1
242	1
246	1
247	1
249	1
251	1
252	1
253	13
257	1
259	1
261	1
263	1
264	1
265	1
266	1
267	13
268	1
269	1
270	1
271	1
272	1
273	1
274	1
276	13
277	1
280	1
281	1
282	1
283	13
284	10
285	1
286	1
287	1
288	1
289	6
290	1
291	1
292	1
293	1
294	1
297	1
298	1
299	1
300	1
302	13
303	1
306	1
307	1
310	1
311	1
312	13
313	13
314	1
318	1
319	1
322	1
323	1
329	1
330	1
331	1
332	1
333	1
334	10
335	1
336	1
339	1
340	1
342	1
343	1
344	1
345	1
346	1
347	1
348	1
349	1
350	1
351	1
352	1
353	1
354	1
355	1
356	10
357	1
358	1
359	1
360	1
361	1
362	1
363	1
364	1
365	1
366	1
367	1
368	1
369	1
370	1
371	1
372	1
373	1
374	1
375	1
376	1
377	1
378	1
379	13
380	1
381	1
382	1
383	1
384	1
385	1
386	1
387	1
388	6
389	1
390	1
391	1
392	6
393	1
394	1
395	1
396	1
398	1
399	1
400	1
402	6
403	1
404	1
405	1
406	1
407	1
408	1
409	1
410	1
411	1
412	1
413	1
414	1
415	13
416	13
417	1
418	1
419	1
420	1
421	1
422	1
423	1
424	1
425	1
426	1
427	1
428	1
429	1
430	13
431	1
432	1
433	1
434	1
435	1
436	1
437	1
438	1
439	1
440	1
441	1
442	1
444	1
446	1
447	13
448	13
449	1
451	1
452	1
453	1
454	11
455	1
456	1
457	1
458	1
459	1
460	1
461	1
462	1
463	1
464	1
465	1
467	1
468	1
469	1
470	1
471	1
472	13
473	13
474	1
475	1
476	1
477	1
478	1
479	1
481	13
482	1
483	1
484	1
486	13
487	1
488	1
489	1
490	1
491	1
492	1
493	1
494	1
495	1
496	1
497	1
498	13
499	11
500	11
501	11
502	11
503	11
504	1
505	1
506	1
507	1
508	1
509	1
510	1
511	1
512	1
514	13
515	1
516	1
517	1
518	1
519	1
521	1
522	1
524	1
525	1
528	1
543	1
544	1
545	1
546	13
547	13
548	1
549	1
550	1
551	1
552	13
553	1
554	13
555	1
556	1
557	1
558	1
559	13
560	13
561	1
562	1
563	1
564	1
565	1
566	13
567	1
568	1
569	1
570	10
572	6
577	6
579	1
580	1
587	1
589	1
590	1
591	1
592	1
593	13
594	1
595	1
596	1
597	8
598	1
599	1
600	1
601	1
602	1
603	1
604	1
605	13
606	6
607	13
608	1
609	1
610	1
611	1
612	1
613	13
614	1
615	1
616	1
617	1
618	1
619	6
620	1
621	13
622	13
623	1
624	1
625	1
626	13
627	1
628	1
629	12
630	10
631	1
632	1
633	1
634	1
636	1
637	1
638	1
639	1
640	1
641	1
642	1
643	1
644	1
645	1
647	1
648	1
649	1
650	1
651	8
652	11
653	8
654	1
655	1
656	1
657	1
658	8
659	1
660	1
661	1
662	1
663	1
664	1
665	8
666	1
667	1
668	1
669	1
670	1
671	1
672	1
673	8
674	1
675	1
676	1
677	1
678	1
679	1
681	8
682	1
684	8
685	1
686	1
687	13
688	1
689	1
690	1
691	1
692	1
693	1
694	1
695	8
696	1
697	8
698	1
699	1
701	8
703	1
707	1
710	1
711	1
712	1
713	8
714	1
715	1
716	1
717	1
718	1
721	1
725	1
727	1
728	1
729	13
734	1
736	1
737	1
738	1
739	1
741	1
742	6
743	1
745	1
746	1
747	1
748	1
749	11
750	1
753	1
758	1
761	1
762	10
763	13
764	1
765	1
766	1
767	1
768	1
769	1
770	1
771	1
772	1
773	1
774	1
775	1
776	1
777	1
778	1
779	13
780	1
782	1
783	1
784	1
785	1
786	1
787	1
788	1
789	1
790	1
791	1
792	1
793	1
795	1
796	1
797	10
800	1
802	1
803	1
804	8
805	1
806	1
807	1
808	1
809	1
810	1
811	1
814	1
816	1
827	1
834	1
835	1
836	1
837	1
838	1
843	1
844	1
845	5
846	1
847	1
848	5
849	5
850	1
851	1
852	1
853	5
854	1
855	1
856	1
857	13
858	1
859	1
860	1
861	1
862	1
863	13
864	1
865	1
866	6
867	1
868	1
869	1
870	1
871	1
872	1
873	13
874	1
875	1
876	1
877	5
878	1
879	1
880	5
881	1
882	1
883	13
884	6
885	6
886	6
887	1
888	12
889	1
890	1
891	1
892	1
893	6
894	6
895	5
896	5
897	5
898	5
899	1
900	1
901	1
902	1
903	13
904	1
905	1
906	1
907	1
908	1
909	1
910	1
911	1
912	1
913	1
914	1
915	1
916	8
917	1
918	1
919	1
920	1
921	1
922	1
923	1
924	1
925	1
926	1
927	1
928	1
929	1
930	1
931	1
932	5
933	1
934	1
935	5
936	1
937	1
938	13
939	5
940	1
941	1
942	1
943	1
944	1
945	1
946	1
947	1
948	1
949	1
950	1
951	1
952	1
953	1
954	5
955	5
956	5
957	5
958	1
959	5
960	1
961	1
962	1
963	1
964	1
965	1
966	1
967	1
968	5
969	5
970	5
971	5
972	1
973	1
974	1
975	1
976	5
977	1
978	1
979	1
980	1
981	6
982	1
983	1
984	8
985	5
986	11
987	1
988	1
989	1
990	1
991	5
992	1
993	1
994	1
996	1
997	1
1000	1
1001	1
1002	1
1004	6
1008	1
1010	1
1017	1
1018	5
1020	6
1021	5
1022	1
1023	1
1024	5
1025	6
1026	5
1027	1
1028	1
1029	5
1030	1
1031	1
1032	1
1033	1
1034	10
1035	1
1036	10
1037	1
1038	1
1039	1
1040	1
1041	1
1042	1
1043	1
1044	1
1045	1
1046	1
1047	1
1048	1
1049	1
1050	1
1051	1
1052	1
1053	1
1054	1
1055	1
1056	13
1057	5
1058	1
1059	1
1060	1
1061	1
1062	1
1063	1
1064	1
1065	1
1066	1
1067	1
1068	1
1069	1
1070	1
1071	1
1072	1
1073	11
1074	1
1075	1
1076	6
1077	1
1078	1
1079	1
1080	1
1081	1
1082	1
1083	1
1084	1
1085	1
1086	1
1087	1
1088	1
1089	1
1090	1
1091	1
1092	1
1093	1
1094	1
1095	10
