257
t_index	tf-idf
81	0.026533829440140187
113	0.03434237281284786
120	0.0329435383862346
123	0.25131161603845703
165	0.03154023930104332
175	0.044396917225587015
209	0.08202745673395229
221	0.03245765455432936
295	0.03849334578921555
402	0.09787965385583859
495	0.04605122613195061
523	0.04527060791772595
563	0.030018604396534792
577	0.021222939923964984
607	0.03530558464608964
632	0.061775442887943476
637	0.02180680792045652
721	0.0210343531406743
771	0.06235129321585925
986	0.023065497908362556
1046	0.027553291961928492
1056	0.01259084156671004
1060	0.023825150103330965
1063	0.04358151731074917
1083	0.06464161864766874
1116	0.184846278306842
1127	0.030018604396534792
1277	0.0462115695767105
1295	0.1367124278899205
1322	0.017816971870783658
1611	0.06861756706448961
1624	0.04319334288644732
1687	0.04834329557723509
1734	0.03139381279187356
1819	0.08556704984985114
2041	0.04109222132588255
2080	0.021609070984448253
2110	0.017072926827274335
2193	0.07270243741980238
2204	0.05022801383575358
2207	0.0812221784816797
2252	0.026339754454468872
2280	0.22832235953241256
2323	0.028665555440664774
2352	0.03875629070581805
2434	0.019078550569247732
2436	0.04573203880672012
2437	0.13723513412897922
2545	0.023961832478202223
2632	0.028665555440664774
2778	0.028900687059949772
2840	0.029509094533355065
2858	0.03183846060701755
2870	0.02256049826990537
2872	0.0392997787308755
2901	0.026931473182622907
2902	0.07218769408993672
2977	0.044151064613005005
3019	0.02744743444022549
3025	0.038478150845567625
3037	0.029140429395752145
3092	0.030937079498482754
3109	0.08556704984985114
3263	0.04573203880672012
3288	0.039868554184554324
3318	0.04038162809596802
3342	0.042097702751373166
3368	0.05575295463444086
3489	0.022075532306502502
3490	0.02154386300385403
3855	0.026054298670149807
3905	0.048939826927919296
3924	0.02723842990837779
3931	0.07916171865106508
3934	0.039022782151052406
3950	0.04527060791772595
3985	0.022143646507072384
3989	0.07805003018372805
4004	0.051668084279128085
4074	0.05468497115596819
4095	0.03530558464608964
4109	0.06366016114646197
4134	0.05870275522843435
4267	0.07709230845717037
4313	0.0392997787308755
4355	0.02686429462141679
4369	0.04834329557723509
4441	0.1174055104568687
4527	0.04046508553523853
4605	0.051668084279128085
4658	0.03245765455432936
4804	0.07709230845717037
4857	0.044396917225587015
4953	0.030149370000040775
4981	0.009156264837837236
5079	0.14692483447410115
5088	0.05741456832060006
5141	0.037983835926035825
5216	0.015311283981647628
5265	0.025413063549809503
5269	0.04175327244307282
5312	0.05624926151623702
5347	0.025502635140020078
5436	0.026632034525387645
5532	0.0355076796172109
5542	0.027032938224530137
5601	0.029761195575738926
5786	0.05741456832060006
5826	0.08796484201978332
5837	0.030415173237493234
5901	0.054065876449060274
5923	0.042452117925381595
5925	0.10030333613599429
5933	0.07623919064942851
5992	0.10532032775420523
6312	0.011399977162419335
6353	0.018206693068113067
6552	0.02723842990837779
6563	0.061775442887943476
6564	0.07709230845717037
6578	0.015829939480640584
6596	0.02723842990837779
6601	0.01830609578946551
6690	0.01405047123258897
6698	0.04141827977891536
6773	0.05518541975378121
6781	0.019960119140125732
6803	0.019677740136570317
6829	0.12732032229292395
6861	0.037024405279581576
6919	0.039868554184554324
6967	0.020910225502139466
6997	0.030825037338194732
7031	0.05518541975378121
7179	0.058769933789640454
7184	0.03379888478779041
7203	0.045405336194293044
7231	0.019789910348841516
7303	0.026533829440140187
7352	0.03325978081632599
7501	0.028096779986985943
7547	0.042097702751373166
7761	0.02918151303136359
7772	0.02832112513236442
7776	0.0572356517077432
7787	0.08556704984985114
7818	0.034911148266526686
7847	0.012282075981687566
8075	0.03875629070581805
8101	0.10650806914028732
8191	0.014015287129517096
8205	0.09375770054636462
8232	0.02596060880648873
8245	0.03875629070581805
8359	0.13177861942656163
8397	0.08638668577289464
8509	0.0316884407201937
8544	0.0462115695767105
8603	0.10613531776056075
8620	0.03635121870990119
8636	0.03434237281284786
8689	0.17113409969970228
8712	0.06014282567180884
8737	0.06366016114646197
8759	0.018206693068113067
8816	0.04361361584091304
8827	0.020074922494220056
8873	0.29513468526290476
8927	0.0462115695767105
9004	0.08350654488614564
9008	0.008485912217925683
9012	0.054065876449060274
9017	0.042097702751373166
9024	0.03592217583290625
9055	0.03592217583290625
9095	0.07498942401470794
9143	0.030964769914878617
9154	0.0885272836000652
9261	0.04003477214191424
9338	0.030964769914878617
9441	0.05852417358269795
9468	0.024888991865786775
9502	0.03277942226600211
9550	0.21464674602727102
9565	0.07218769408993672
9619	0.014701738827307903
9678	0.027032938224530137
9686	0.03245765455432936
9711	0.03635121870990119
9716	0.0448399252296057
9747	0.030018604396534792
9776	0.051668084279128085
9936	0.035713171301058555
10071	0.029140429395752145
10093	0.036571521379666704
10100	0.08456082175521294
10103	0.018256293409485307
10156	0.04671067836110045
10209	0.007498678815310721
10276	0.06861756706448961
10300	0.029761195575738926
10334	0.07709230845717037
10346	0.04749405089062264
10355	0.12217827242104445
10356	0.08556704984985114
10362	0.025775355756655658
10411	0.035713171301058555
10418	0.026436406873845925
10421	0.037024405279581576
10429	0.03635121870990119
10488	0.01815729313270688
10585	0.04244587984792997
10665	0.061775442887943476
10711	0.028527457954270113
10736	0.06398068828511554
10738	0.0316884407201937
10766	0.05420678019940088
10835	0.04061562925735567
10960	0.047774520123556256
11017	0.05420678019940088
11061	0.02180680792045652
11144	0.026632034525387645
11145	0.05022801383575358
11167	0.01596466775720768
11280	0.02241996261480285
11311	0.05022801383575358
11351	0.05952239115147785
11391	0.040774632888692486
11431	0.05022801383575358
11439	0.026148712014824146
11458	0.10363182692538458
11517	0.02497479198898475
11518	0.0462115695767105
11770	0.029019970614673204
11771	0.02060531026367936
11830	0.04101925553380118
11837	0.019239075422783813
11865	0.028549663886900816
12061	0.03327853105039206
12124	0.061775442887943476
12572	0.07754085884483922
12681	0.03378756248619278
12698	0.07709230845717037
12775	0.07171133152253657
12837	0.042097702751373166
12844	0.012466293289638677
12884	0.016586457085826397
12914	0.12983061821731745
12920	0.020132730958320497
12943	0.015789252363624887
13068	0.061775442887943476
13083	0.024888991865786775
13108	0.07213490253914273
13190	0.029262086791348976
13263	0.009559918140398263
13270	0.037116393663698746
13339	0.10045602767150716