298
t_index	tf-idf
30	0.14606325035191708
78	0.051323934581739464
81	0.11018332216195627
107	0.020775676616508736
109	0.021238188277613364
114	0.037560255660913006
120	0.022800003993355498
123	0.06324767250478114
137	0.019069450263562406
156	0.02376812800416765
175	0.03072681137552074
281	0.06860993100813774
304	0.02429716631350859
365	0.017838952431031754
384	0.028219852457568757
394	0.01606604703971339
432	0.02961549610967499
462	0.04062778678894224
495	0.010623915858677346
511	0.01606604703971339
565	0.03476247458931176
580	0.014557736026480292
598	0.10515344170296492
642	0.027008953607334647
663	0.03580563160907436
670	0.035246140903493615
685	0.015278329208073703
740	0.028439653304438397
771	0.07551760244692941
807	0.01233100783044942
832	0.024716848528322063
1042	0.009555236437254973
1056	0.01742807555369629
1060	0.016489228058307815
1062	0.01676488294838906
1063	0.030162478513139055
1068	0.03973624119057741
1083	0.022369017347566515
1096	0.030162478513139055
1234	0.058568617447060906
1244	0.04748976217255452
1295	0.17031197309518928
1296	0.05922038657181546
1301	0.014910364416878267
1322	0.01233100783044942
1387	0.038929740095234734
1423	0.04748976217255452
1456	0.03430496550406887
1502	0.018996186976259797
1624	0.05978765114732622
1674	0.025972448258122238
1721	0.03133148689750562
1764	0.030369654152675576
1775	0.04758641102535095
1835	0.03268828344516999
1845	0.01740491591790982
1891	0.017166537990420346
2030	0.03430496550406887
2080	0.014955494426912895
2082	0.04748976217255452
2094	0.05922038657181546
2125	0.03729344794993252
2129	0.03072681137552074
2150	0.029135540317170763
2207	0.23609598587993638
2245	0.024075007209813416
2252	0.05468870705736007
2299	0.039840431500227924
2321	0.03387092899094694
2323	0.0396784808514683
2329	0.02664098881613921
2330	0.030162478513139055
2335	0.017526671354102904
2356	0.033064427895604265
2395	0.03593432967147258
2438	0.08811754896149675
2625	0.08919476215515877
2632	0.01983924042573415
2701	0.04062778678894224
2778	0.04000394691378432
2815	0.022016477592904392
2872	0.08159734708792138
2902	0.01665354112062039
2977	0.015278329208073703
3025	0.05326094499323462
3037	0.020167897534311675
3092	0.05352836782727771
3100	0.021727449208080788
3126	0.05922038657181546
3136	0.02268642031716368
3137	0.028005616791316464
3298	0.027393649707636403
3464	0.03133148689750562
3490	0.029820728833756534
3504	0.03133148689750562
3511	0.028005616791316464
3650	0.019522872482353633
3677	0.03973624119057741
3731	0.024028513374032636
3796	0.022800003993355498
3828	0.032328150081487435
3840	0.04325461544377207
3855	0.03606401393553464
3921	0.03345807360734173
3931	0.0821809491229092
3934	0.054014816407675526
3949	0.029380828703863146
3977	0.03973624119057741
3991	0.09800431249122336
4095	0.024434760513003927
4134	0.08125557357788447
4142	0.02628836042574123
4167	0.024161773715905114
4296	0.07638692456223581
4313	0.027199115695973795
4355	0.009296299891436616
4445	0.029380828703863146
4501	0.0549422011944568
4503	0.06952494917862352
4527	0.028005616791316464
4545	0.03751615234900537
4799	0.009724237768745968
4869	0.02989382557366311
4908	0.014732213482596021
4926	0.022140304591685995
4941	0.038929740095234734
4973	0.02963344020379812
4981	0.0031684950235057437
5071	0.017107978193913156
5079	0.040674280624723
5204	0.03072681137552074
5216	0.010596837893735047
5347	0.017650204304602207
5411	0.07261050699754253
5422	0.023569784209943476
5436	0.03686370822775623
5530	0.022463727022197618
5641	0.018431854113878116
5714	0.02664098881613921
5786	0.03973624119057741
5807	0.08346471448680975
5809	0.0163280449597164
5826	0.03043994129914079
5872	0.02963344020379812
5901	0.01870931689987985
5925	0.0462795149210633
5933	0.0527646372067758
6312	0.01577969687287321
6325	0.035246140903493615
6356	0.03456977513502366
6541	0.051899682024114005
6690	0.019448475537491936
6708	0.016489228058307815
6721	0.03476247458931176
6730	0.04275437349877835
6737	0.03254998478411105
6759	0.02025209580933935
6803	0.013618833181607585
6827	0.016821108117533207
7012	0.00977315037212579
7020	0.03630525349877126
7193	0.020957659045909047
7222	0.014302585334681204
7231	0.05478586176040776
7311	0.05922038657181546
7345	0.017838952431031754
7406	0.02000197345689216
7453	0.04992408668037884
7501	0.03889118942799336
7511	0.014095683662296757
7545	0.05922038657181546
7547	0.3204909434888784
7564	0.07010668541641162
7592	0.03430496550406887
7772	0.01960086249824467
7776	0.06602069031965967
7794	0.019069450263562406
7847	0.034001372669328414
7945	0.05922038657181546
7999	0.022035187006069
8073	0.024434760513003927
8085	0.019293124700256466
8100	0.009319514876707317
8101	0.11392090514849194
8205	0.11355589260493011
8297	0.04162444997292405
8314	0.01551670713556318
8356	0.04992408668037884
8374	0.05922038657181546
8397	0.02989382557366311
8603	0.01836388702699271
8710	0.02664098881613921
8768	0.06145362275104148
8786	0.05922038657181546
8816	0.015092346846278576
8873	0.1256989257695651
8883	0.04560155339020788
8884	0.04560155339020788
8920	0.026117408008969823
8927	0.031982720208600296
8934	0.010330719835747027
8959	0.029380828703863146
8986	0.032328150081487435
9004	0.02889716238968129
9036	0.03630525349877126
9070	0.06032495702627811
9184	0.018296461516274645
9220	0.05922038657181546
9261	0.05541559950282275
9325	0.044058774480748374
9338	0.1071525574204206
9414	0.04748976217255452
9422	0.01591265570670353
9441	0.02025209580933935
9550	0.07427779325349382
9565	0.01665354112062039
9596	0.02268642031716368
9610	0.04062778678894224
9634	0.022246744445736603
9660	0.031023749099517405
9670	0.051002059003992614
9686	0.022463727022197618
9700	0.04162444997292405
9774	0.025949841012057002
9776	0.07151827554658716
9829	0.03430496550406887
9834	0.01438678360970888
10004	0.0316508401493749
10071	0.020167897534311675
10100	0.051638808347936466
10102	0.03575913777329358
10103	0.11371553413116521
10142	0.04062778678894224
10209	0.010379571552363312
10307	0.04062778678894224
10355	0.05284923151016685
10362	0.017838952431031754
10418	0.07318584606509858
10434	0.053355074372184993
10453	0.028439653304438397
10527	0.03133148689750562
10585	0.05875302274382708
10682	0.05559334287794866
10683	0.04062778678894224
10765	0.5165711354775063
10772	0.04560155339020788
10824	0.028439653304438397
10828	0.0316508401493749
10835	0.028109807100966982
11026	0.030162478513139055
11072	0.036889061299147874
11144	0.03686370822775623
11167	0.016573560694182594
11181	0.037278187237308025
11278	0.02376812800416765
11280	0.03103341427112636
11337	0.021627307721886035
11437	0.04155135323301747
11482	0.04726423680132354
11483	0.06860993100813774
11517	0.01728488756751183
11520	0.03751615234900537
11521	0.02889716238968129
11688	0.02303185019005082
11714	0.02303185019005082
11771	0.02852159660496725
11772	0.08277828422313378
11830	0.014194577082313729
11837	0.013315236248308654
11870	0.019920215750113962
11899	0.06465630016297487
11902	0.03430496550406887
11936	0.0280560955827202
11972	0.020167897534311675
12060	0.02664098881613921
12069	0.03751615234900537
12312	0.04992408668037884
12435	0.01813517427111219
12448	0.030162478513139055
12519	0.053355074372184993
12526	0.03072681137552074
12572	0.010733102622936681
12601	0.02963344020379812
12844	0.024157948477496617
12914	0.044927454044395236
12925	0.081348561249446
12940	0.10003466245052901
12943	0.03278290990379787
12959	0.028005616791316464
13011	0.0163280449597164
13034	0.038193462281117904
13039	0.02086617862170244
13051	0.01591265570670353
13115	0.02268642031716368
13173	0.012704136113742987
13190	0.02025209580933935
13270	0.038532014100748135
13271	0.054489603523206497