303
t_index	tf-idf
6	0.03774588775487043
17	0.07375441881011617
27	0.026123896112294865
75	0.03902069316775655
81	0.024181181669072106
92	0.033328871898839
120	0.030022567542944932
123	0.06246240747136147
182	0.0478059971238709
185	0.17659963264838974
195	0.03146748917270359
200	0.048574743003214294
211	0.02874369333477207
227	0.03374160040768637
229	0.0478059971238709
327	0.03581522566086924
351	0.043043246741603446
365	0.046979917583533023
379	0.06573899130975215
385	0.037159310441621136
420	0.035080295879617876
432	0.16898728062921292
470	0.042114175854953355
495	0.013989349805844625
563	0.02735697566769237
577	0.01934118733260725
580	0.019169321779712752
607	0.03217518067589516
610	0.030483698000414682
611	0.03581522566086924
613	0.06573899130975215
682	0.0600471700408346
708	0.06253352380286484
717	0.04353854587279474
737	0.02491813752465744
740	0.03744873959141705
771	0.11364571042831802
792	0.03936356316708833
832	0.06509325652807291
957	0.04256903067397563
1033	0.045774498180862946
1056	0.011474462364280255
1062	0.022075646601389106
1083	0.014727526678993933
1087	0.03971731972885813
1124	0.041256645475824756
1184	0.14109624250466696
1234	0.02570730943312884
1277	0.042114175854953355
1295	0.1245906876232872
1303	0.05349781839278846
1322	0.04871163823964313
1396	0.11509520708777568
1430	0.02623052272280832
1437	0.05029235088590114
1459	0.03181571738121241
1471	0.024092397169286905
1479	0.05126186608472024
1680	0.034615962203563756
1731	0.08811378059635222
1775	0.020886929662399596
1810	0.045774498180862946
1893	0.045774498180862946
1969	0.04940048335858483
2041	0.03744873959141705
2042	0.01803521871728209
2110	0.031118278359666306
2125	0.049107230872084205
2142	0.041256645475824756
2205	0.03607138397146614
2207	0.1332369631808131
2329	0.035080295879617876
2346	0.032359356700019895
2350	0.04983627504931488
2395	0.023658786199919908
2405	0.045774498180862946
2420	0.03744873959141705
2545	0.021837233317054856
2667	0.04708688337901383
2815	0.019327224263742393
2873	0.02677952025079285
2935	0.03805117796893744
3004	0.03971731972885813
3019	0.025013780994046084
3025	0.017533224105206944
3029	0.03971731972885813
3040	0.0400826769119454
3075	0.06573899130975215
3094	0.019399070038199125
3170	0.05029235088590114
3178	0.056298063215139804
3179	0.03774588775487043
3180	0.05029235088590114
3292	0.14326090264347696
3390	0.04641137984939265
3406	0.1277070920219269
3489	0.020118183783056198
3490	0.03926731091153373
3510	0.07201294359178236
3511	0.036877209405058085
3643	0.025013780994046084
3684	0.015683174550859505
3731	0.03164024295516282
3796	0.030022567542944932
3807	0.034615962203563756
3843	0.02759660631775244
3855	0.04748833792155617
3870	0.035080295879617876
3902	0.03660207454300699
3912	0.045774498180862946
3934	0.017781394625981235
4016	0.0523238498289091
4021	0.0400826769119454
4026	0.018242525083450988
4032	0.040485362240731744
4074	0.04983627504931488
4095	0.09652554202768546
4134	0.05349781839278846
4155	0.027476146811894437
4262	0.03032785775701194
4314	0.03556482420690721
4326	0.01808668484004824
4430	0.056298063215139804
4493	0.04085142279128879
4494	0.045774498180862946
4771	0.030022567542944932
4908	0.0775962801527965
4981	0.012516623577839064
4987	0.11603134219565328
4996	0.07798016422671585
5071	0.02252742723201585
5079	0.08033856075237855
5153	0.018723566508577944
5209	0.021223583541196963
5254	0.022160886836070152
5308	0.0523238498289091
5344	0.06253352380286484
5347	0.023241419213616138
5349	0.04353854587279474
5357	0.013847406538921744
5427	0.07344716490570717
5597	0.03660207454300699
5599	0.1191519591865744
5601	0.08136717075037389
5645	0.0600471700408346
5670	0.0600471700408346
5676	0.023159789575491124
5710	0.0600471700408346
5750	0.058588093925545495
5759	0.038365069029258556
5795	0.021223583541196963
5837	0.11087352938803517
5925	0.13711476505437667
5933	0.023159789575491124
5964	0.06225962994942103
5979	0.08544458292010962
6105	0.04460052961698359
6107	0.07025684401479033
6214	0.05029235088590114
6229	0.06573899130975215
6296	0.06253352380286484
6312	0.010389187109596446
6317	0.05022050511144441
6356	0.022760377788489182
6442	0.05029235088590114
6453	0.14109624250466696
6460	0.0600471700408346
6576	0.020180258571843836
6596	0.07446992415633286
6601	0.03336593603536503
6668	0.22586029901671276
6708	0.021712670017770126
6737	0.021430568981207078
6743	0.0181383897855849
6781	0.018190335780689848
6970	0.015893018714682863
6996	0.03744713301715589
7085	0.0600471700408346
7197	0.07025684401479033
7231	0.03607043743456418
7303	0.024181181669072106
7345	0.046979917583533023
7349	0.0748974791828341
7352	0.0454661550460043
7353	0.05481020359093933
7366	0.019457255004720363
7445	0.06790768586946765
7547	0.038365069029258556
7564	0.023078753612714248
7592	0.04517205980334255
7601	0.03774588775487043
7776	0.0173869323437967
7791	0.04036051714368767
7820	0.03353332526389925
7842	0.03217518067589516
7847	0.011193073779891044
7926	0.06573899130975215
7979	0.02943599022969563
7999	0.02901547255886106
8100	0.012271741923157784
8101	0.11471250545502952
8191	0.012772608077082389
8219	0.07431862088324227
8232	0.023658786199919908
8245	0.03531992652967795
8257	0.028610249874325096
8279	0.06573899130975215
8313	0.06253352380286484
8418	0.0400826769119454
8509	0.028878754331081495
8697	0.042114175854953355
8753	0.03617336968009648
8816	0.05961985831748081
8873	0.020689713969415158
8890	0.05129996352055634
8920	0.03439085564302785
9008	0.01546700113019008
9012	0.02463603648809439
9038	0.04983627504931488
9047	0.036877209405058085
9156	0.0400826769119454
9173	0.02150042749072267
9184	0.024092397169286905
9228	0.0478059971238709
9358	0.11603134219565328
9468	0.045364370433178466
9480	0.03660207454300699
9556	0.025305738197345513
9632	0.09417376675802766
9670	0.03357922133967313
9672	0.030641748817333055
9716	0.08172829937350926
9740	0.040460421417897095
9741	0.06253352380286484
9786	0.03744873959141705
9915	0.056298063215139804
10019	0.0600471700408346
10071	0.0796699947201133
10093	0.033328871898839
10100	0.036265013799469316
10103	0.016637581414117798
10120	0.03744873959141705
10189	0.048574743003214294
10196	0.03903149081107161
10197	0.05593200266458275
10209	0.020501403514346206
10355	0.027836304293088962
10500	0.07025684401479033
10531	0.06573899130975215
10623	0.035080295879617876
10682	0.03660207454300699
10765	0.0523238498289091
10979	0.054952293623788874
11018	0.06573899130975215
11023	0.07163045132173848
11125	0.034615962203563756
11167	0.007274572488572107
11172	0.02623052272280832
11323	0.041256645475824756
11337	0.08543515699053421
11351	0.02712239025012463
11360	0.03556482420690721
11426	0.05126186608472024
11437	0.05471395133538474
11458	0.09444321028873408
11517	0.11380188894244592
11648	0.042114175854953355
11662	0.12451925989884206
11715	0.020755065451585904
11771	0.01877832040632105
11772	0.0363335700862506
11830	0.024921495588129155
11865	0.026018280195760864
11949	0.033328871898839
11955	0.07025684401479033
12031	0.029873002937989657
12051	0.02550471483790674
12068	0.07112964841381442
12069	0.04940048335858483
12070	0.03439085564302785
12125	0.01356883213501005
12144	0.05029235088590114
12335	0.09714948600642859
12435	0.011940008752108412
12572	0.08479874789575917
12655	0.10595977958903384
12695	0.03312810257936329
12718	0.0400826769119454
12844	0.029538488931179562
12884	0.015115802750728673
12885	0.019457255004720363
12904	0.02570730943312884
12920	0.036695285608584066
12943	0.014389282959890103
12973	0.01191033524384136
13051	0.020953451625769896
13066	0.031129814974710516
13140	0.03217518067589516
13163	0.01381220146771062
13190	0.026667535431102344
13265	0.019515745405535804
13270	0.06765086510467555
13271	0.2630861501756105