238
t_index	tf-idf
75	0.0481426693534848
107	0.06750458421734719
114	0.03051031126794261
121	0.0780737414533176
217	0.02289993443887402
272	0.037041026825146026
295	0.043281114410094364
432	0.06415135635696492
513	0.056475330186187875
571	0.15430431986468376
685	0.024821267671908964
717	0.10743334615170284
719	0.05809451532950034
721	0.023650587553730146
742	0.047333778133019415
1042	0.015523495929918264
1062	0.05447266405678562
1100	0.05726109745724848
1137	0.03051031126794261
1364	0.07715215993234188
1509	0.05371667307585142
1597	0.03317940985515092
1603	0.13740035989331895
1691	0.028776086250963118
1713	0.02652664234319002
1734	0.035298547719248625
1775	0.025769725417827856
1942	0.05726109745724848
1958	0.05195932410946714
1972	0.09800429649430493
1974	0.06455574202090451
2042	0.0222513620578466
2044	0.037228066236645534
2069	0.04694650788476711
2110	0.23035731007828977
2245	0.01955620244922249
2259	0.06455574202090451
2265	0.06900738280026954
2346	0.039924093695696355
2354	0.08668098223376265
2368	0.08668098223376265
2466	0.03649470918796632
2530	0.08900778385432913
2534	0.036142197958686534
2545	0.040413276309244926
2636	0.04137250416240049
2659	0.12911148404180903
2717	0.06600415248760866
2742	0.07408456432232528
2805	0.04137250416240049
2952	0.037417685583346336
3138	0.03276489047076227
3228	0.0481426693534848
3263	0.05142014972247662
3296	0.03389932222336508
3318	0.022702129807811257
3347	0.04243050180804637
3384	0.0481426693534848
3464	0.05090132646382126
3505	0.04773227515582771
3526	0.07092637325865613
3527	0.07445613247329107
3558	0.024444608913708653
3595	0.08945404119134008
3670	0.07157815620997526
3684	0.01934947397190039
3905	0.055026919719483744
3912	0.056475330186187875
3921	0.05435619232209017
3942	0.037041026825146026
4037	0.05809451532950034
4060	0.04856569302807957
4167	0.039253366298302776
4293	0.044827370020669395
4314	0.043878912274750506
4334	0.036142197958686534
4390	0.06600415248760866
4406	0.058981738298537895
4565	0.03465902847300988
4629	0.03465902847300988
4660	0.08668098223376265
4681	0.030743319976322618
4738	0.1671961743307899
4787	0.03882373181103925
4797	0.03969686232914535
4799	0.01579805653328779
4912	0.13524667526184223
4981	0.010295113035525862
5066	0.04584614600011001
5254	0.04101224866542749
5265	0.02857391812686903
5294	0.040155144255126424
5304	0.07157815620997526
5331	0.05195932410946714
5357	0.01708455335584499
5390	0.0436298136775474
5416	0.038002760462661406
5427	0.018123422666043984
5436	0.02994450364431093
5652	0.07157815620997526
5676	0.02857391812686903
5762	0.06600415248760866
5864	0.07157815620997526
5889	0.05726109745724848
6048	0.0390368707266588
6049	0.04694650788476711
6102	0.06945901834587756
6140	0.05809451532950034
6211	0.015758496262304616
6315	0.055026919719483744
6353	0.04094245119795455
6379	0.12649099075454437
6380	0.06762333763092111
6552	0.03062632195370565
6578	0.12459197437986748
6579	0.04773227515582771
6585	0.040155144255126424
6589	0.04744181157450372
6650	0.033752292108673594
6687	0.08668098223376265
6803	0.04425048042571629
6919	0.044827370020669395
6970	0.03921674798140002
6975	0.07715215993234188
7012	0.03175504049960653
7072	0.0481426693534848
7183	0.037041026825146026
7203	0.0765792181880656
7391	0.052520511607133724
7395	0.02552640606268853
7405	0.14315631241995053
7444	0.02723633202839281
7554	0.07408456432232528
7561	0.07408456432232528
7761	0.03281108405297303
7847	0.027619419661141623
7979	0.03631732369868923
7982	0.040155144255126424
7997	0.037804955831598645
8122	0.08110697851139603
8191	0.015758496262304616
8200	0.07739789588760156
8220	0.08110697851139603
8283	0.043576764185028025
8396	0.058981738298537895
8405	0.050401373743036014
8604	0.03375592282006662
8607	0.06664081571423475
8749	0.06324549537727218
8753	0.022314859559558947
8816	0.024519119582186482
8888	0.03146702310277941
8973	0.0822405103288281
8987	0.08668098223376265
8996	0.029508048425238027
9008	0.12403797307358118
9012	0.030395271394275582
9038	0.030743319976322618
9055	0.04039014458751278
9070	0.04900214824715247
9071	0.052520511607133724
9132	0.06945901834587756
9213	0.04694650788476711
9218	0.037609957034749064
9261	0.022507131010961676
9558	0.060948972023897395
9586	0.056475330186187875
9598	0.04515864351255707
9619	0.016530328220788496
9622	0.04584614600011001
9718	0.03419818583459153
9839	0.06945901834587756
9922	0.043281114410094364
9984	0.03317940985515092
10025	0.023650587553730146
10050	0.029508048425238027
10051	0.026876908034294326
10093	0.04112025516441405
10100	0.07270702910196826
10101	0.05371667307585142
10300	0.033462867004292185
10332	0.026269678138613105
10346	0.026700659662738206
10355	0.017171837361317433
10412	0.060111634977539366
10467	0.021332499984671235
10662	0.12649099075454437
10711	0.01603783908924123
10847	0.04694650788476711
10900	0.04773227515582771
10980	0.1502790874438484
11035	0.1733619644675253
11061	0.024519119582186482
11115	0.05435619232209017
11160	0.026440452815221428
11167	0.07180135657757603
11325	0.0481426693534848
11351	0.033462867004292185
11422	0.04584614600011001
11446	0.07157815620997526
11452	0.09713138605615915
11482	0.019196442506524147
11505	0.04773227515582771
11627	0.10715400558907386
11830	0.023060597297737843
11836	0.025851798405960403
11837	0.021632014766334758
11910	0.04425048042571629
11936	0.011395026393320556
12061	0.11225305675003901
12146	0.10638955988798417
12214	0.08668098223376265
12361	0.04112025516441405
12422	0.12409866781710899
12435	0.08838754723692965
12496	0.08668098223376265
12570	0.060948972023897395
12572	0.01743706458512478
12681	0.037990029903111816
12707	0.03435008997332974
12723	0.28784178615089834
12725	0.043878912274750506
12775	0.08063072410288298
12794	0.036142197958686534
12822	0.024669363533170754
12843	0.037609957034749064
12844	0.014016839925871216
12884	0.018649466084886206
12943	0.03550621147571739
12971	0.05010463646267807
12973	0.014694647505832048
13051	0.025851798405960403
13074	0.02994450364431093
13173	0.10319608863151902
13177	0.041891327421055856
13263	0.053744861910865055
13294	0.07408456432232528
13331	0.06945901834587756