243
t_index	tf-idf
42	0.036775996776177135
71	0.039644342408676835
86	0.025625242087883252
137	0.02719735049765355
163	0.0544725184009799
185	0.038255625635279275
210	0.05261214748279409
295	0.07599215503564799
365	0.025442382190995757
431	0.02590483425961776
432	0.028158931929491832
517	0.017214004498353606
661	0.07609640752473383
663	0.025533465810564406
721	0.02076262523000167
807	0.017586807030030873
820	0.038792092723465656
986	0.022767531076991653
997	0.03906954223699527
1017	0.06773114531388115
1042	0.013627929011070804
1078	0.06283778061183258
1083	0.015951639839674295
1184	0.03056475798310409
1281	0.05552261714517101
1333	0.07355199355235427
1378	0.11873176620605694
1383	0.05261214748279409
1431	0.07609640752473383
1606	0.03632052678603008
1690	0.07704175712261122
1715	0.04424688527194141
1734	0.06197651671808032
1775	0.022622996148187483
1783	0.037996077517823995
1908	0.06284632738261604
2041	0.040561380022082816
2069	0.041213891488078656
2110	0.0505571213324093
2212	0.07120304282268525
2220	0.04190370908055784
2260	0.040561380022082816
2265	0.030290461577967942
2288	0.05667287017625543
2323	0.056590490864534236
2363	0.027516360850236052
2420	0.040561380022082816
2426	0.0456145950386297
2434	0.01883208828680087
2445	0.022480171732079442
2454	0.052771430991551176
2545	0.02365228653535129
2556	0.021137842673604416
2630	0.031882632074128565
2640	0.07975069366426654
2707	0.07609640752473383
2870	0.04453811034239678
2928	0.05667287017625543
2944	0.09706790437718535
2977	0.10895177069800123
3036	0.05552261714517101
3092	0.015268712639792972
3093	0.02590483425961776
3133	0.033362260933230706
3170	0.0544725184009799
3347	0.03724933282777702
3410	0.03701034437850927
3544	0.042635358681323114
3731	0.03427009647047043
3767	0.03042683051261298
3855	0.025717721638551412
3894	0.07609640752473383
3942	0.03251796414603868
4026	0.019758795637592634
4355	0.013258626912901247
4367	0.02107449070499336
4375	0.05794441590978401
4387	0.05900620976891419
4468	0.027409084390042308
4501	0.019590002364324725
4583	0.032682164261379654
4684	0.05794441590978401
4685	0.07609640752473383
4786	0.06097740969364676
4799	0.013868963145962117
4870	0.048307607965402746
4903	0.056821469130648915
4908	0.02101146955756919
4980	0.04424688527194141
4981	0.013556972305963831
5034	0.04715735493431833
5047	0.023830855600377465
5123	0.04715735493431833
5171	0.06569725855445195
5187	0.07609640752473383
5254	0.04200497224165326
5286	0.04514125898702981
5293	0.042635358681323114
5427	0.03182075978832423
5498	0.07120304282268525
5533	0.08603703711032282
5609	0.04514125898702981
5621	0.038792092723465656
5676	0.02508477018057689
5777	0.07609640752473383
5820	0.08682848652670835
5837	0.060044522311885506
5876	0.07120304282268525
5938	0.1035590109484137
5980	0.07120304282268525
5997	0.14492282389620825
6028	0.0456145950386297
6212	0.02876398482705754
6449	0.038255625635279275
6453	0.03056475798310409
6498	0.07609640752473383
6532	0.02094877579420535
6607	0.033898728021417086
6643	0.02709286047429998
6646	0.032355968125728454
6650	0.029630815306971318
6698	0.04088322635689135
6801	0.05794441590978401
6919	0.03935352056989284
6996	0.02027981995680392
7193	0.059780726848853195
7203	0.022409388407133003
7222	0.020398722616204863
7395	0.022409388407133003
7532	0.034612262140405685
7575	0.06345778171471993
7619	0.023910516102853496
7649	0.07609640752473383
7776	0.01883208828680087
7803	0.04341424326335418
7840	0.03142716208398152
8036	0.024399847547526936
8073	0.03484949680317867
8085	0.027516360850236052
8100	0.013291736734237397
8101	0.0095574697117507
8191	0.013834233561398734
8257	0.03098825835904016
8392	0.04957915369893133
8687	0.0544725184009799
8701	0.06503813238710811
8759	0.017971493695231485
8784	0.06707689373941034
8863	0.4455112541161157
8890	0.018521293713119374
9008	0.02512886618435394
9012	0.026683718841648822
9050	0.09860864135856481
9112	0.06773114531388115
9124	0.1089450368019598
9143	0.03056475798310409
9173	0.02328748629735763
9177	0.04190370908055784
9213	0.08242778297615731
9218	0.06603484510098775
9385	0.07264105357206016
9467	0.025717721638551412
9477	0.037996077517823995
9501	0.06503813238710811
9525	0.05794441590978401
9565	0.023751717465608026
9597	0.05776814123384868
9598	0.07928868481735367
9602	0.0950068698624321
9651	0.07988469150910013
9683	0.04382338489600534
9698	0.02900536331936851
9716	0.022130334996689958
9731	0.04382338489600534
9747	0.029630815306971318
9759	0.03714508033869118
9772	0.04610725619012722
9810	0.03749314965170702
9963	0.15219281504946766
9995	0.1424060856453705
10025	0.02076262523000167
10050	0.1295241712980888
10051	0.18875984965346407
10093	0.03609907979669261
10100	0.04909908258179017
10119	0.15783644244838224
10226	0.06283778061183258
10345	0.03127908019782416
10346	0.023440254442381517
10411	0.07050363626964946
10426	0.024737450604922745
10427	0.05900620976891419
10458	0.02132991870099503
10504	0.050268971291410516
10552	0.06283778061183258
10671	0.2305362809506361
10677	0.025442382190995757
10711	0.014079465964745916
10736	0.031577083543697385
10832	0.06283778061183258
10849	0.04771878278074552
10916	0.0489266422329355
11021	0.1424060856453705
11061	0.06457530364072177
11167	0.07091294184632853
11311	0.04957915369893133
11325	0.04226399023226976
11432	0.029503104884457097
11626	0.05177950547420685
11648	0.0456145950386297
11695	0.03935352056989284
11714	0.032848629277225976
11755	0.1035590109484137
11770	0.028645082167656596
11830	0.026992904548927617
11837	0.037981078866891255
11904	0.07609640752473383
11925	0.05552261714517101
11936	0.01000358498295225
12022	0.06854019294094087
12103	0.07609640752473383
12125	0.014696637662276158
12127	0.06255816039564832
12189	0.022913817986971483
12435	0.025864861554500095
12440	0.06097740969364676
12562	0.0896710902732798
12578	0.06283778061183258
12679	0.04610725619012722
12681	0.016675542448214203
12771	0.05936588310302847
12773	0.04088322635689135
12794	0.03172889085735996
12844	0.014766300091037932
12866	0.07609640752473383
12971	0.021993191221923482
12973	0.038700872655797885
12986	0.07609640752473383
13051	0.045390094483285216
13213	0.03749314965170702
13216	0.039644342408676835
13263	0.009436420328741358
13265	0.04227568534720883