234
t_index	tf-idf
113	0.03937766015430092
199	0.09811291222524446
242	0.09811291222524446
243	0.02611356278963831
249	0.07867829200985134
340	0.1439871260850864
394	0.1330864888143304
420	0.044137249832738736
432	0.03271016101627962
562	0.04118909429059696
637	0.05000825516754072
840	0.05289473402871262
997	0.04538421487734018
1056	0.01443691392474402
1082	0.05839376824312844
1166	0.03739986304670369
1291	0.04025414023511253
1350	0.06896098190215477
1489	0.034874653589228186
1543	0.026196271673215987
1580	0.035830872897334866
1680	0.043553035505240374
1695	0.07867829200985134
1713	0.027051360767457913
1764	0.025157343481531626
1808	0.04443874779916348
1845	0.028835458304055723
1851	0.0359967815212716
1885	0.06738679626683955
1918	0.07083297386524241
2042	0.02269151198280704
2118	0.06896098190215477
2159	0.03273562278833906
2214	0.03566690476964362
2339	0.04299219611455074
2350	0.03135144769207482
2545	0.013737561192159978
2625	0.029554544902094762
2649	0.04538421487734018
2760	0.02749929392287659
2768	0.057592457860392486
2815	0.012158542345673344
2833	0.026617297762866084
2846	0.04630239256634917
2922	0.05043113464317661
2984	0.05477923228287862
3047	0.12356728287179089
3092	0.017736540938750905
3103	0.08710607101048075
3120	0.09811291222524446
3142	0.04909497026199748
3299	0.049526361686761666
3405	0.059243671794458226
3499	0.0644326738741701
3558	0.09971257213620334
3583	0.1558365921109413
3650	0.032344366275336225
3710	0.07083297386524241
3767	0.07068922413497103
3851	0.03721660403057314
3852	0.057592457860392486
3922	0.04443874779916348
4026	0.06885702075757835
4032	0.07640667658220884
4060	0.049526361686761666
4079	0.03247357562411823
4276	0.043553035505240374
4334	0.036857119844280126
4404	0.059243671794458226
4629	0.035344612067485515
4764	0.07867829200985134
4771	0.03777372827214785
4773	0.0236956963770226
4795	0.02944953231292376
4858	0.09811291222524446
4910	0.04048209834885125
4981	0.020997517383670318
5069	0.09811291222524446
5092	0.07555001687945088
5177	0.036164677122052874
5190	0.04168104354215275
5216	0.05266868487285349
5240	0.07555001687945088
5254	0.00697058401499245
5294	0.08189889092341948
5322	0.031715601025822535
5357	0.034844999257774026
5390	0.08898569330703851
5406	0.035344612067485515
5422	0.07809811124936886
5432	0.06449654239057519
5542	0.09298954328335052
5555	0.07299402998897019
5601	0.03412478955818397
5676	0.029139133320737677
5807	0.034569878214231374
5809	0.027051360767457913
5834	0.061073660254831935
5871	0.06014844475087317
5948	0.05839376824312844
6191	0.15735658401970268
6211	0.0321404241086454
6280	0.04025414023511253
6284	0.17679120423509578
6353	0.0626284889582477
6490	0.045714091628968154
6492	0.1654226801933335
6526	0.06583270677175432
6601	0.06297042047834041
6650	0.034419939725042176
6676	0.029660350046604365
6690	0.016110554859438363
6737	0.02696346634096809
6743	0.0456426390630932
6759	0.033552501318264184
6781	0.022886676829889385
6842	0.043553035505240374
6868	0.056115396664057765
6926	0.06111566375754586
6942	0.04094944546170974
6956	0.03135144769207482
6972	0.05839376824312844
6997	0.035344612067485515
7012	0.03238318086497751
7147	0.09350603964130504
7283	0.06215459194923022
7345	0.059109089804189524
7408	0.06583270677175432
7446	0.041933647044781606
7447	0.08271134009666675
7463	0.07555001687945088
7470	0.05243728184153366
7513	0.03221633693708505
7560	0.06896098190215477
7564	0.029037175670585773
7579	0.04474687262229547
7633	0.15110003375890177
7786	0.15836678641374657
7791	0.025390353528695526
7803	0.05043113464317661
7847	0.01408287705196829
7857	0.03230202818833482
7899	0.07235524586954181
7999	0.03650662371093365
8200	0.0197322222052272
8380	0.05190819583951135
8474	0.040713824535480066
8509	0.03633460787056264
8604	0.011474547418280296
8620	0.04168104354215275
8623	0.04538421487734018
8639	0.03221633693708505
8753	0.022756265516421674
8768	0.05090640439829352
8778	0.059243671794458226
8785	0.07083297386524241
8807	0.056115396664057765
8955	0.10831211581372006
8963	0.07867829200985134
9047	0.046398086556361205
9230	0.035186202301766174
9264	0.04867645813543188
9295	0.033413006484719156
9502	0.0375855494050796
9565	0.027590623985973037
9609	0.11942715473719534
9619	0.0337146229454734
9670	0.02816575410393658
9690	0.12686240410329014
9691	0.043553035505240374
9716	0.025707183173655262
9834	0.04767038242113525
9908	0.03815783764499938
10131	0.17654899933095494
10132	0.05355940977357708
10147	0.039809051579065106
10155	0.19622582445048892
10172	0.11086280347332943
10196	0.024554277808606664
10201	0.03916684242062032
10235	0.034874653589228186
10313	0.1141528884582438
10314	0.09811291222524446
10421	0.04245293289603562
10426	0.028735677704161033
10467	0.021754474075203846
10558	0.05477923228287862
10567	0.05477923228287862
10678	0.04867645813543188
10917	0.033979512453943164
10937	0.1643376968486359
10941	0.03196373343445619
10960	0.05477923228287862
11026	0.04997145034280908
11144	0.030536830127415968
11167	0.01830541136005792
11351	0.03412478955818397
11481	0.16773458817912643
11482	0.01957616365378644
11510	0.06710500263652837
11511	0.13888575076586768
11648	0.0529871215336573
11665	0.06327671988127363
11698	0.12899308478115037
11772	0.045714091628968154
11830	0.02351675454976382
11936	0.023240858449584668
11985	0.03703570971295596
12003	0.06600532325228109
12006	0.022756265516421674
12066	0.04384209966588052
12096	0.038754485778282326
12213	0.025390353528695526
12371	0.06730976796808906
12435	0.03004530811857204
12564	0.06327671988127363
12681	0.01937075169898803
12713	0.033002661626140545
12730	0.05415605790686003
12818	0.1027967072996986
12827	0.04474687262229547
12844	0.017152925217546477
12890	0.08271134009666675
12920	0.023084597036292436
12925	0.033693398133419775
12930	0.06367823651493586
13017	0.03042422618786372
13163	0.034756410779001955
13166	0.057471355408322065
13184	0.08142764907096013
13254	0.09811291222524446
13263	0.010961595743166186
13265	0.024554277808606664
13289	0.03502956251459891