290
t_index	tf-idf
27	0.01745455740536633
51	0.024100924284592033
78	0.015051593764047166
92	0.022268527838027862
109	0.018685351279715788
114	0.016522750481496356
121	0.04228055682097972
244	0.05210207723703654
272	0.02005943624879875
452	0.040120232143101654
589	0.125843512077355
642	0.023762468778118728
663	0.031501783281244776
721	0.012807891517699921
735	0.019860898111355486
770	0.03194135046061019
775	0.02114027841048986
776	0.09388355486522419
778	0.043746278107115205
830	0.08356295525637529
831	0.046941777432612096
859	0.046941777432612096
1065	0.05210207723703654
1083	0.009840127167577454
1164	0.02297808724474232
1225	0.02213438476851934
1248	0.036621177823763194
1606	0.0448102647702754
1674	0.011425275851066903
1908	0.038768168017563144
1910	0.08024046428620331
1963	0.012807891517699921
1967	0.020580259677402204
2042	0.012050145930222968
2044	0.02016072677642635
2110	0.0831661209568714
2125	0.010936921207960854
2267	0.034250372931962744
2272	0.01690790907114572
2443	0.05210207723703654
2446	0.02584924373231577
2456	0.027565432189562148
2532	0.028442296141271733
2534	0.01957267867508364
2545	0.01459044397009084
2552	0.024639332729828316
2555	0.021376639181042385
2632	0.01745455740536633
2640	0.016398668626888956
2649	0.024100924284592033
2703	0.022686099274379715
2803	0.055130864379124296
2863	0.01957267867508364
2902	0.01465178017175729
2953	0.013118133863217321
2967	0.16227492188684112
2977	0.013441869169269831
3092	0.018837696383675107
3137	0.024639332729828316
3138	0.035487419649551696
3139	0.046941777432612096
3209	0.043923195554545075
3296	0.018358057302975368
3368	0.033948169928189775
3390	0.03100954353674022
3457	0.010125998687695424
3558	0.03971367287786493
3584	0.028442296141271733
3614	0.026300578214914307
3667	0.03574431387205362
3692	0.030584014067629162
3693	0.02359884155546922
3714	0.030181497720204377
3826	0.04595617448948464
3828	0.028442296141271733
3829	0.03761528418179268
3834	0.032454984377368226
3891	0.02036753837899672
3901	0.08784639110909015
3902	0.02445550267541204
3970	0.03574431387205362
3979	0.029436402499301212
4068	0.023128491126548814
4071	0.032454984377368226
4089	0.030839919745955513
4166	0.024639332729828316
4167	0.021257520816809747
4176	0.1756927822181803
4191	0.026300578214914307
4233	0.05210207723703654
4262	0.02026341445878027
4326	0.012084532776288806
4411	0.14648471129505278
4469	0.0290900731275383
4504	0.038762895750120624
4547	0.029799632534252763
4663	0.046941777432612096
4706	0.061168028135258325
4722	0.03360259594569618
4723	0.016777296265958783
4773	0.012583410020351399
4787	0.02102485378929372
4839	0.06984598901054186
4864	0.06201908707348044
4981	0.016725845472791684
5010	0.046941777432612096
5054	0.025219736053223193
5072	0.02542371426320472
5115	0.03146087801933875
5153	0.03753018673619958
5216	0.009323094602535172
5254	0.03701672883815819
5276	0.03761528418179268
5312	0.06850074586392549
5357	0.009252079066234748
5406	0.03753894703737881
5427	0.009814675043855518
5435	0.032454984377368226
5676	0.015474103667536885
5719	0.029444025131566555
5751	0.023438733472066216
5759	0.025633439087857795
5793	0.036621177823763194
5834	0.016216339376617938
5844	0.03146087801933875
5848	0.02026341445878027
5866	0.03534072409964861
5925	0.010179175620483902
5933	0.03094820733507377
5938	0.03194135046061019
5974	0.04927866545965663
5975	0.1418439012114619
5979	0.014272348304649804
6008	0.03360259594569618
6010	0.029799632534252763
6097	0.040120232143101654
6100	0.03360259594569618
6137	0.01664893551824568
6143	0.03360259594569618
6212	0.017743709824775848
6214	0.03360259594569618
6252	0.041781477628187645
6317	0.016777296265958783
6459	0.05210207723703654
6526	0.03495993233867721
6552	0.01658557565549135
6555	0.046941777432612096
6562	0.16210731567024217
6576	0.013483344145271206
6589	0.012845972106802257
6596	0.01658557565549135
6601	0.011146646032613929
6646	0.17963554830007775
6726	0.018044548288279907
6743	0.012119079190657151
6803	0.02396369018786977
6970	0.021237690297615002
6996	0.01251006224539986
6997	0.018769473518689406
7010	0.06991986467735442
7012	0.01719682916693464
7043	0.05210207723703654
7044	0.086277424079681
7149	0.08034315196855722
7209	0.08784639110909015
7231	0.0361504377906689
7238	0.025219736053223193
7282	0.03360259594569618
7395	0.01382373435522145
7511	0.012401377994910739
7532	0.02135135098599824
7564	0.015419959872977756
7578	0.10420415447407308
7682	0.03761528418179268
7813	0.05210207723703654
7818	0.042515041633619494
7847	0.007478599210232679
8008	0.10008479166311972
8073	0.04299538902783603
8100	0.00819930621913585
8101	0.01768721930330713
8123	0.05210207723703654
8164	0.016038369014702007
8191	0.017067915133283384
8241	0.03355459253191757
8245	0.02359884155546922
8473	0.22223886993581696
8490	0.0130002727376835
8499	0.04891100535082408
8527	0.03100954353674022
8604	0.018280399866475023
8639	0.017108228033603415
8643	0.027565432189562148
8667	0.03146087801933875
8683	0.043923195554545075
8684	0.041781477628187645
8686	0.10420415447407308
8728	0.043923195554545075
8738	0.05210207723703654
8838	0.024276102694876765
9008	0.020668407036629657
9011	0.01194792822917897
9055	0.021873139053557603
9058	0.03574431387205362
9108	0.029799632534252763
9136	0.026071491249471283
9137	0.08599077805567205
9261	0.012188656696505259
9277	0.13700149172785098
9302	0.02703343885798205
9422	0.013999949420654741
9460	0.03100954353674022
9461	0.05210207723703654
9467	0.04759366195460783
9537	0.043491750919831595
9556	0.01690790907114572
9569	0.0330066988832286
9672	0.020473139283433344
9685	0.04426876953703868
9690	0.016842316233288468
9695	0.030181497720204377
9703	0.05307387797093366
9705	0.025633439087857795
9759	0.02291377675626266
9809	0.5947356548756051
9899	0.018519905827984743
9984	0.01796819132212437
10007	0.09388355486522419
10013	0.05210207723703654
10014	0.03495993233867721
10100	0.02423029713670202
10151	0.022686099274379715
10196	0.039118058465535135
10209	0.009131943744621892
10345	0.038590405741975184
10359	0.018438541751044774
10426	0.01525985178957475
10488	0.01105603957219349
10499	0.046941777432612096
10501	0.05210207723703654
10543	0.10420415447407308
10597	0.05210207723703654
10598	0.024100924284592033
10707	0.02359884155546922
10711	0.017370469360786074
10835	0.01236549966553082
10900	0.02584924373231577
10996	0.029799632534252763
11014	0.01704085437073173
11061	0.026556483893240654
11121	0.020799238373896047
11167	0.009720942278707165
11313	0.029799632534252763
11376	0.024639332729828316
11421	0.020473139283433344
11432	0.018199652626269495
11458	0.012620356691404582
11482	0.0415830604784357
11502	0.022686099274379715
11562	0.028138387049166772
11676	0.024639332729828316
11686	0.016522750481496356
11710	0.08356295525637529
11799	0.01664893551824568
11830	0.004162794798110723
11936	0.006170935988605432
12061	0.02026341445878027
12062	0.034250372931962744
12189	0.014134903066563146
12410	0.03100954353674022
12435	0.015955320545480843
12446	0.032454984377368226
12471	0.046941777432612096
12586	0.02482781720073714
12707	0.01860216897369428
12758	0.02653693898546683
12768	0.028138387049166772
12844	0.009108923731404322
12920	0.012258890603609098
12943	0.009614131229348172
13051	0.013999949420654741
13136	0.041781477628187645
13161	0.018438541751044774
13163	0.018457113929432313
13209	0.034250372931962744
13216	0.17118851872788426
13241	0.05210207723703654
13263	0.011642135476326549
13326	0.046941777432612096
13346	0.05210207723703654